-3.000000e+00   -2.969741e+00   -2.939482e+00   -2.909223e+00   -2.878964e+00 
-2.848705e+00   -2.818446e+00   -2.788187e+00   -2.757928e+00   -2.727670e+00   
-2.697411e+00   -2.667152e+00   -2.636893e+00   -2.606634e+00   -2.576375e+00   
-2.546116e+00   -2.515857e+00   -2.485598e+00   -2.455339e+00   -2.425080e+00   
-2.394821e+00   -2.364562e+00   -2.334303e+00   -2.304044e+00   -2.273785e+00   
-2.243526e+00   -2.213268e+00   -2.183009e+00   -2.152750e+00   -2.122491e+00   
-2.092232e+00   -2.061973e+00   -2.031714e+00   -2.001455e+00   -1.971196e+00   
-1.940937e+00   -1.910678e+00   -1.880419e+00   -1.850160e+00   -1.819901e+00   
-1.789642e+00   -1.759383e+00   -1.729124e+00   -1.698866e+00   -1.668607e+00   
-1.638348e+00   -1.608089e+00   -1.577830e+00   -1.547571e+00   -1.517312e+00   
-1.487053e+00   -1.456794e+00   -1.426535e+00   -1.396276e+00   -1.366017e+00   
-1.335758e+00   -1.305499e+00   -1.275240e+00   -1.244981e+00   -1.214722e+00   
-1.184464e+00   -1.154205e+00   -1.123946e+00   -1.093687e+00   -1.063428e+00   
-1.033169e+00   -1.002910e+00   -9.726509e-01   -9.423920e-01   -9.121330e-01   
-8.818741e-01   -8.516152e-01   -8.213562e-01   -7.910973e-01   -7.608383e-01   
-7.305794e-01   -7.003205e-01   -6.700615e-01   -6.398026e-01   -6.095436e-01   
-5.792847e-01   -5.490257e-01   -5.187668e-01   -4.885079e-01   -4.582489e-01   
-4.279900e-01   -3.977310e-01   -3.674721e-01   -3.372132e-01   -3.069542e-01   
-2.766953e-01   -2.464363e-01   -2.161774e-01   -1.859185e-01   -1.556595e-01   
-1.254006e-01   -9.514163e-02   -6.488269e-02   -3.462375e-02   -4.364805e-03	

1.000000e+00	1.426867e+00	2.035949e+00	2.905029e+00	4.145090e+00	
5.914492e+00	8.439194e+00	1.204161e+01	1.718177e+01	2.451610e+01	
3.498122e+01	4.991354e+01	7.121999e+01	1.016215e+02	1.450003e+02	
2.068961e+02	2.952133e+02	4.212301e+02	6.010393e+02	8.576031e+02	
1.223686e+03	1.746037e+03	2.491362e+03	3.554842e+03	5.072287e+03	
7.237479e+03	1.032692e+04	1.473514e+04	2.102509e+04	3.000000e+04	

-1.677500e-01	-1.637300e-01	-1.597200e-01	-1.556600e-01	-1.515700e-01	
-1.475100e-01	-1.433800e-01	-1.392400e-01	-1.350700e-01	-1.308900e-01	
-1.266700e-01	-1.224200e-01	-1.181600e-01	-1.138600e-01	-1.095200e-01	
-1.051500e-01	-1.007700e-01	-9.635300e-02	-9.193000e-02	-8.743700e-02	
-8.297000e-02	-7.843400e-02	-7.385700e-02	-6.930800e-02	-6.469000e-02	
-6.003000e-02	-5.533100e-02	-5.065900e-02	-4.591800e-02	-4.110400e-02	
-3.631200e-02	-3.148600e-02	-2.658700e-02	-2.168000e-02	-1.673400e-02	
-1.177800e-02	-6.752500e-03	-1.683200e-03	3.425200e-03	8.544900e-03	
1.376600e-02	1.897100e-02	2.424200e-02	2.956000e-02	3.491800e-02	
4.031900e-02	4.579500e-02	5.131500e-02	5.687700e-02	6.248500e-02	
6.816600e-02	7.389300e-02	7.966500e-02	8.551100e-02	9.137400e-02	
9.737200e-02	1.033600e-01	1.094500e-01	1.156000e-01	1.218100e-01	
1.280800e-01	1.344600e-01	1.408900e-01	1.474000e-01	1.539900e-01	
1.606300e-01	1.673800e-01	1.742100e-01	1.811300e-01	1.881600e-01	
1.952500e-01	2.024500e-01	2.097400e-01	2.171400e-01	2.246600e-01	
2.322800e-01	2.400800e-01	2.479400e-01	2.559900e-01	2.642200e-01	
2.726000e-01	2.811700e-01	2.899400e-01	2.989400e-01	3.082300e-01	
3.178600e-01	3.278500e-01	3.382800e-01	3.492700e-01	3.609100e-01	
3.734500e-01	3.871100e-01	4.023500e-01	4.197600e-01	4.404000e-01	
4.662000e-01	5.011600e-01	5.548500e-01	7.196700e-01	1.074100e-01	

3.479800e-02	3.736900e-02	3.994400e-02	4.254000e-02	4.515500e-02	
4.775900e-02	5.039800e-02	5.304200e-02	5.570500e-02	5.837400e-02	
6.106300e-02	6.377100e-02	6.648500e-02	6.921900e-02	7.197400e-02	
7.475000e-02	7.753000e-02	8.033100e-02	8.313700e-02	8.597900e-02	
8.881200e-02	9.168000e-02	9.457000e-02	9.745000e-02	1.003700e-01	
1.033000e-01	1.062600e-01	1.092100e-01	1.122000e-01	1.152200e-01	
1.182400e-01	1.212700e-01	1.243500e-01	1.274300e-01	1.305300e-01	
1.336400e-01	1.367900e-01	1.399600e-01	1.431500e-01	1.463600e-01	
1.496100e-01	1.528700e-01	1.561600e-01	1.594700e-01	1.628100e-01	
1.661700e-01	1.695800e-01	1.730100e-01	1.764600e-01	1.799500e-01	
1.834700e-01	1.870200e-01	1.906000e-01	1.942100e-01	1.978500e-01	
2.015500e-01	2.052500e-01	2.090100e-01	2.128000e-01	2.166300e-01	
2.205000e-01	2.244200e-01	2.283700e-01	2.323700e-01	2.364100e-01	
2.404900e-01	2.446300e-01	2.488100e-01	2.530400e-01	2.573400e-01	
2.616700e-01	2.660700e-01	2.705100e-01	2.750200e-01	2.796000e-01	
2.842300e-01	2.889600e-01	2.937400e-01	2.986100e-01	3.035900e-01	
3.086500e-01	3.138200e-01	3.191100e-01	3.245200e-01	3.301000e-01	
3.358600e-01	3.418300e-01	3.480500e-01	3.545800e-01	3.614800e-01	
3.688700e-01	3.768900e-01	3.857800e-01	3.958600e-01	4.076900e-01	
4.223100e-01	4.417800e-01	4.709500e-01	5.587300e-01	8.247600e-02	

2.375700e-01	2.387000e-01	2.398200e-01	2.409500e-01	2.420900e-01	
2.432300e-01	2.443700e-01	2.455100e-01	2.466600e-01	2.478100e-01	
2.489600e-01	2.501200e-01	2.512800e-01	2.524400e-01	2.536100e-01	
2.547800e-01	2.559600e-01	2.571400e-01	2.583200e-01	2.595100e-01	
2.607000e-01	2.618900e-01	2.630900e-01	2.643000e-01	2.655000e-01	
2.667100e-01	2.679300e-01	2.691500e-01	2.703800e-01	2.716100e-01	
2.728400e-01	2.740800e-01	2.753200e-01	2.765700e-01	2.778200e-01	
2.790800e-01	2.803500e-01	2.816200e-01	2.829000e-01	2.841800e-01	
2.854700e-01	2.867700e-01	2.880700e-01	2.893800e-01	2.906900e-01	
2.920200e-01	2.933500e-01	2.946800e-01	2.960300e-01	2.973800e-01	
2.987400e-01	3.001100e-01	3.014900e-01	3.028800e-01	3.042800e-01	
3.056800e-01	3.070900e-01	3.085200e-01	3.099500e-01	3.114000e-01	
3.128500e-01	3.143200e-01	3.157900e-01	3.172800e-01	3.187800e-01	
3.202900e-01	3.218100e-01	3.233500e-01	3.248900e-01	3.264500e-01	
3.280300e-01	3.296200e-01	3.312200e-01	3.328400e-01	3.344700e-01	
3.361200e-01	3.377800e-01	3.394700e-01	3.411700e-01	3.429000e-01	
3.446400e-01	3.464100e-01	3.482100e-01	3.500400e-01	3.519100e-01	
3.538100e-01	3.557700e-01	3.577700e-01	3.598500e-01	3.620000e-01	
3.642500e-01	3.666300e-01	3.691700e-01	3.719300e-01	3.749700e-01	
3.784200e-01	3.824300e-01	3.871200e-01	3.981800e-01	5.760100e-02	

4.662700e-01	4.651300e-01	4.639900e-01	4.628400e-01	4.617000e-01	
4.605600e-01	4.594300e-01	4.582900e-01	4.571600e-01	4.560200e-01	
4.548900e-01	4.537600e-01	4.526300e-01	4.515000e-01	4.503800e-01	
4.492500e-01	4.481300e-01	4.470000e-01	4.458800e-01	4.447600e-01	
4.436400e-01	4.425200e-01	4.414000e-01	4.402800e-01	4.391700e-01	
4.380500e-01	4.369400e-01	4.358200e-01	4.347100e-01	4.336000e-01	
4.324800e-01	4.313700e-01	4.302600e-01	4.291500e-01	4.280400e-01	
4.269200e-01	4.258100e-01	4.247000e-01	4.235900e-01	4.224700e-01	
4.213600e-01	4.202400e-01	4.191300e-01	4.180100e-01	4.168900e-01	
4.157700e-01	4.146500e-01	4.135300e-01	4.124100e-01	4.112800e-01	
4.101600e-01	4.090300e-01	4.078900e-01	4.067600e-01	4.056200e-01	
4.044800e-01	4.033300e-01	4.021900e-01	4.010300e-01	3.998800e-01	
3.987200e-01	3.975500e-01	3.963800e-01	3.952000e-01	3.940200e-01	
3.928300e-01	3.916400e-01	3.904300e-01	3.892200e-01	3.880000e-01	
3.867700e-01	3.855300e-01	3.842800e-01	3.830100e-01	3.817300e-01	
3.804300e-01	3.791200e-01	3.777800e-01	3.764300e-01	3.750400e-01	
3.736200e-01	3.721700e-01	3.706800e-01	3.691400e-01	3.675400e-01	
3.658700e-01	3.641100e-01	3.622500e-01	3.602500e-01	3.580900e-01	
3.557000e-01	3.530200e-01	3.499300e-01	3.462500e-01	3.416800e-01	
3.356500e-01	3.269500e-01	3.122600e-01	2.767800e-01	3.906900e-02	

7.310500e-01	7.263200e-01	7.216100e-01	7.169200e-01	7.122500e-01	
7.075900e-01	7.029500e-01	6.983300e-01	6.937300e-01	6.891500e-01	
6.845900e-01	6.800400e-01	6.755100e-01	6.709900e-01	6.665000e-01	
6.620200e-01	6.575600e-01	6.531100e-01	6.486800e-01	6.442700e-01	
6.398700e-01	6.354900e-01	6.311300e-01	6.267800e-01	6.224500e-01	
6.181400e-01	6.138300e-01	6.095500e-01	6.052800e-01	6.010200e-01	
5.967800e-01	5.925500e-01	5.883400e-01	5.841400e-01	5.799500e-01	
5.757800e-01	5.716200e-01	5.674700e-01	5.633300e-01	5.592100e-01	
5.550900e-01	5.509900e-01	5.469000e-01	5.428200e-01	5.387500e-01	
5.346800e-01	5.306300e-01	5.265900e-01	5.225500e-01	5.185200e-01	
5.145000e-01	5.104900e-01	5.064800e-01	5.024800e-01	4.984800e-01	
4.944900e-01	4.905100e-01	4.865200e-01	4.825400e-01	4.785700e-01	
4.745900e-01	4.706200e-01	4.666500e-01	4.626700e-01	4.587000e-01	
4.547200e-01	4.507400e-01	4.467500e-01	4.427600e-01	4.387500e-01	
4.347400e-01	4.307200e-01	4.266900e-01	4.226300e-01	4.185600e-01	
4.144600e-01	4.103400e-01	4.061800e-01	4.019800e-01	3.977400e-01	
3.934400e-01	3.890800e-01	3.846300e-01	3.800900e-01	3.754400e-01	
3.706400e-01	3.656700e-01	3.604800e-01	3.550200e-01	3.492200e-01	
3.429800e-01	3.361400e-01	3.285100e-01	3.197500e-01	3.093400e-01	
2.963500e-01	2.788900e-01	2.522400e-01	1.988600e-01	2.745900e-02	

1.024900e+00	1.015400e+00	1.005900e+00	9.964100e-01	9.870200e-01	
9.776800e-01	9.684100e-01	9.591900e-01	9.500300e-01	9.409300e-01	
9.318800e-01	9.228900e-01	9.139600e-01	9.050800e-01	8.962500e-01	
8.874800e-01	8.787600e-01	8.701000e-01	8.614900e-01	8.529300e-01	
8.444200e-01	8.359700e-01	8.275700e-01	8.192200e-01	8.109200e-01	
8.026700e-01	7.944700e-01	7.863200e-01	7.782200e-01	7.701700e-01	
7.621600e-01	7.542100e-01	7.463000e-01	7.384400e-01	7.306200e-01	
7.228500e-01	7.151200e-01	7.074400e-01	6.998000e-01	6.922000e-01	
6.846400e-01	6.771300e-01	6.696600e-01	6.622200e-01	6.548300e-01	
6.474700e-01	6.401500e-01	6.328800e-01	6.256300e-01	6.184200e-01	
6.112500e-01	6.041200e-01	5.970100e-01	5.899400e-01	5.829000e-01	
5.758900e-01	5.689200e-01	5.619700e-01	5.550500e-01	5.481600e-01	
5.412900e-01	5.344500e-01	5.276300e-01	5.208400e-01	5.140600e-01	
5.073100e-01	5.005700e-01	4.938500e-01	4.871400e-01	4.804500e-01	
4.737600e-01	4.670800e-01	4.604000e-01	4.537200e-01	4.470300e-01	
4.403300e-01	4.336100e-01	4.268700e-01	4.200900e-01	4.132600e-01	
4.063800e-01	3.994200e-01	3.923700e-01	3.852000e-01	3.778900e-01	
3.704000e-01	3.626800e-01	3.546800e-01	3.463300e-01	3.375200e-01	
3.281300e-01	3.179600e-01	3.067500e-01	2.941100e-01	2.794000e-01	
2.615400e-01	2.384600e-01	2.053400e-01	1.474700e-01	1.997300e-02	

1.341100e+00	1.325600e+00	1.310200e+00	1.294900e+00	1.279700e+00	
1.264700e+00	1.249800e+00	1.235000e+00	1.220300e+00	1.205800e+00	
1.191300e+00	1.177000e+00	1.162800e+00	1.148700e+00	1.134700e+00	
1.120900e+00	1.107100e+00	1.093500e+00	1.080000e+00	1.066600e+00	
1.053300e+00	1.040100e+00	1.027000e+00	1.014000e+00	1.001200e+00	
9.884000e-01	9.757300e-01	9.631800e-01	9.507200e-01	9.383700e-01	
9.261200e-01	9.139700e-01	9.019200e-01	8.899600e-01	8.781000e-01	
8.663400e-01	8.546700e-01	8.430900e-01	8.316100e-01	8.202100e-01	
8.089100e-01	7.976900e-01	7.865600e-01	7.755200e-01	7.645700e-01	
7.537000e-01	7.429100e-01	7.322000e-01	7.215800e-01	7.110300e-01	
7.005700e-01	6.901800e-01	6.798700e-01	6.696300e-01	6.594700e-01	
6.493800e-01	6.393600e-01	6.294100e-01	6.195200e-01	6.097100e-01	
5.999500e-01	5.902700e-01	5.806400e-01	5.710700e-01	5.615600e-01	
5.521100e-01	5.427100e-01	5.333600e-01	5.240500e-01	5.147900e-01	
5.055700e-01	4.963900e-01	4.872400e-01	4.781100e-01	4.690100e-01	
4.599200e-01	4.508300e-01	4.417400e-01	4.326300e-01	4.234900e-01	
4.143100e-01	4.050600e-01	3.957200e-01	3.862700e-01	3.766600e-01	
3.668600e-01	3.568200e-01	3.464600e-01	3.357000e-01	3.244200e-01	
3.124800e-01	2.996700e-01	2.857000e-01	2.701400e-01	2.523400e-01	
2.312100e-01	2.047500e-01	1.687100e-01	1.121900e-01	1.493200e-02	

1.675900e+00	1.653300e+00	1.630900e+00	1.608700e+00	1.586800e+00	
1.565000e+00	1.543500e+00	1.522200e+00	1.501100e+00	1.480200e+00	
1.459500e+00	1.439000e+00	1.418700e+00	1.398600e+00	1.378800e+00	
1.359100e+00	1.339600e+00	1.320300e+00	1.301200e+00	1.282300e+00	
1.263600e+00	1.245000e+00	1.226700e+00	1.208600e+00	1.190600e+00	
1.172800e+00	1.155200e+00	1.137800e+00	1.120500e+00	1.103400e+00	
1.086500e+00	1.069800e+00	1.053200e+00	1.036800e+00	1.020600e+00	
1.004500e+00	9.886200e-01	9.728700e-01	9.572900e-01	9.418600e-01	
9.265800e-01	9.114600e-01	8.964900e-01	8.816700e-01	8.669900e-01	
8.524700e-01	8.380800e-01	8.238400e-01	8.097400e-01	7.957800e-01	
7.819500e-01	7.682700e-01	7.547100e-01	7.412800e-01	7.279800e-01	
7.148100e-01	7.017700e-01	6.888400e-01	6.760400e-01	6.633600e-01	
6.507900e-01	6.383300e-01	6.259900e-01	6.137600e-01	6.016300e-01	
5.896000e-01	5.776700e-01	5.658400e-01	5.541000e-01	5.424500e-01	
5.308900e-01	5.193900e-01	5.079800e-01	4.966200e-01	4.853300e-01	
4.740800e-01	4.628800e-01	4.516900e-01	4.405300e-01	4.293600e-01	
4.181700e-01	4.069400e-01	3.956400e-01	3.842400e-01	3.727000e-01	
3.609700e-01	3.490000e-01	3.367100e-01	3.240000e-01	3.107700e-01	
2.968500e-01	2.820300e-01	2.660200e-01	2.484000e-01	2.285400e-01	
2.054500e-01	1.773500e-01	1.407600e-01	8.811500e-02	1.155900e-02	

2.020400e+00	1.990000e+00	1.960000e+00	1.930300e+00	1.900900e+00	
1.871800e+00	1.843100e+00	1.814700e+00	1.786600e+00	1.758800e+00	
1.731400e+00	1.704200e+00	1.677400e+00	1.650900e+00	1.624600e+00	
1.598700e+00	1.573100e+00	1.547700e+00	1.522700e+00	1.497900e+00	
1.473500e+00	1.449300e+00	1.425400e+00	1.401700e+00	1.378400e+00	
1.355300e+00	1.332500e+00	1.309900e+00	1.287600e+00	1.265600e+00	
1.243800e+00	1.222300e+00	1.201100e+00	1.180100e+00	1.159300e+00	
1.138800e+00	1.118500e+00	1.098400e+00	1.078600e+00	1.059100e+00	
1.039700e+00	1.020600e+00	1.001700e+00	9.830400e-01	9.645900e-01	
9.463500e-01	9.283400e-01	9.105300e-01	8.929300e-01	8.755300e-01	
8.583400e-01	8.413500e-01	8.245600e-01	8.079600e-01	7.915500e-01	
7.753400e-01	7.593000e-01	7.434600e-01	7.277900e-01	7.122900e-01	
6.969800e-01	6.818300e-01	6.668500e-01	6.520300e-01	6.373800e-01	
6.228800e-01	6.085300e-01	5.943300e-01	5.802700e-01	5.663500e-01	
5.525600e-01	5.388900e-01	5.253400e-01	5.119000e-01	4.985600e-01	
4.853100e-01	4.721500e-01	4.590400e-01	4.459900e-01	4.329600e-01	
4.199500e-01	4.069300e-01	3.938600e-01	3.807100e-01	3.674500e-01	
3.540100e-01	3.403500e-01	3.263700e-01	3.120000e-01	2.971000e-01	
2.815200e-01	2.650400e-01	2.474000e-01	2.281800e-01	2.068200e-01	
1.824200e-01	1.534900e-01	1.173400e-01	6.920700e-02	8.941300e-03	

2.374700e+00	2.335800e+00	2.297300e+00	2.259300e+00	2.221800e+00	
2.184800e+00	2.148200e+00	2.112000e+00	2.076300e+00	2.041100e+00	
2.006300e+00	1.971900e+00	1.938000e+00	1.904500e+00	1.871400e+00	
1.838800e+00	1.806500e+00	1.774700e+00	1.743300e+00	1.712300e+00	
1.681700e+00	1.651500e+00	1.621600e+00	1.592200e+00	1.563200e+00	
1.534500e+00	1.506200e+00	1.478200e+00	1.450700e+00	1.423500e+00	
1.396600e+00	1.370100e+00	1.344000e+00	1.318200e+00	1.292700e+00	
1.267600e+00	1.242800e+00	1.218400e+00	1.194200e+00	1.170400e+00	
1.146900e+00	1.123700e+00	1.100900e+00	1.078300e+00	1.056000e+00	
1.034100e+00	1.012400e+00	9.910200e-01	9.699200e-01	9.491100e-01	
9.285700e-01	9.083200e-01	8.883300e-01	8.686000e-01	8.491400e-01	
8.299400e-01	8.110000e-01	7.923100e-01	7.738600e-01	7.556500e-01	
7.376900e-01	7.199600e-01	7.024600e-01	6.851800e-01	6.681300e-01	
6.512900e-01	6.346600e-01	6.182300e-01	6.020100e-01	5.859700e-01	
5.701200e-01	5.544400e-01	5.389400e-01	5.235900e-01	5.083900e-01	
4.933300e-01	4.783900e-01	4.635600e-01	4.488300e-01	4.341600e-01	
4.195400e-01	4.049500e-01	3.903400e-01	3.757000e-01	3.609600e-01	
3.460800e-01	3.310000e-01	3.156300e-01	2.998900e-01	2.836600e-01	
2.667800e-01	2.490500e-01	2.302100e-01	2.099000e-01	1.876100e-01	
1.625800e-01	1.336200e-01	9.875900e-02	5.533300e-02	7.050700e-03	

2.736200e+00	2.688000e+00	2.640400e+00	2.593400e+00	2.547100e+00	
2.501400e+00	2.456400e+00	2.411900e+00	2.368100e+00	2.324800e+00	
2.282200e+00	2.240100e+00	2.198700e+00	2.157800e+00	2.117400e+00	
2.077600e+00	2.038400e+00	1.999800e+00	1.961600e+00	1.924100e+00	
1.887000e+00	1.850500e+00	1.814400e+00	1.779000e+00	1.744000e+00	
1.709500e+00	1.675500e+00	1.641900e+00	1.608900e+00	1.576400e+00	
1.544300e+00	1.512700e+00	1.481500e+00	1.450800e+00	1.420600e+00	
1.390800e+00	1.361400e+00	1.332400e+00	1.303900e+00	1.275800e+00	
1.248200e+00	1.220900e+00	1.194000e+00	1.167500e+00	1.141500e+00	
1.115800e+00	1.090500e+00	1.065500e+00	1.041000e+00	1.016800e+00	
9.929800e-01	9.695100e-01	9.464000e-01	9.236300e-01	9.012000e-01	
8.791000e-01	8.573400e-01	8.359000e-01	8.147800e-01	7.939800e-01	
7.734800e-01	7.532900e-01	7.334000e-01	7.138000e-01	6.944800e-01	
6.754400e-01	6.566800e-01	6.381800e-01	6.199400e-01	6.019500e-01	
5.842000e-01	5.666800e-01	5.493900e-01	5.323000e-01	5.154200e-01	
4.987300e-01	4.822000e-01	4.658400e-01	4.496000e-01	4.334900e-01	
4.174700e-01	4.015000e-01	3.855800e-01	3.696400e-01	3.536500e-01	
3.375600e-01	3.213000e-01	3.048000e-01	2.879700e-01	2.706800e-01	
2.528000e-01	2.341500e-01	2.144800e-01	1.934800e-01	1.707100e-01	
1.455500e-01	1.170700e-01	8.395200e-02	4.500400e-02	5.663600e-03	

3.102100e+00	3.044000e+00	2.986700e+00	2.930200e+00	2.874600e+00	
2.819800e+00	2.765800e+00	2.712600e+00	2.660100e+00	2.608500e+00	
2.557600e+00	2.507400e+00	2.458000e+00	2.409400e+00	2.361500e+00	
2.314200e+00	2.267800e+00	2.222000e+00	2.176900e+00	2.132500e+00	
2.088700e+00	2.045700e+00	2.003200e+00	1.961500e+00	1.920400e+00	
1.879900e+00	1.840100e+00	1.800900e+00	1.762200e+00	1.724200e+00	
1.686800e+00	1.650000e+00	1.613800e+00	1.578100e+00	1.543000e+00	
1.508500e+00	1.474500e+00	1.441000e+00	1.408100e+00	1.375700e+00	
1.343800e+00	1.312500e+00	1.281700e+00	1.251300e+00	1.221400e+00	
1.192100e+00	1.163200e+00	1.134800e+00	1.106800e+00	1.079300e+00	
1.052300e+00	1.025700e+00	9.995200e-01	9.737800e-01	9.484800e-01	
9.235900e-01	8.991100e-01	8.750300e-01	8.513500e-01	8.280600e-01	
8.051600e-01	7.826300e-01	7.604600e-01	7.386600e-01	7.172100e-01	
6.961200e-01	6.753500e-01	6.549200e-01	6.348100e-01	6.150000e-01	
5.955000e-01	5.762900e-01	5.573600e-01	5.387000e-01	5.202900e-01	
5.021100e-01	4.841600e-01	4.664200e-01	4.488600e-01	4.314600e-01	
4.142000e-01	3.970500e-01	3.799700e-01	3.629300e-01	3.458700e-01	
3.287600e-01	3.115200e-01	2.940900e-01	2.763700e-01	2.582600e-01	
2.396300e-01	2.203100e-01	2.000800e-01	1.786800e-01	1.557500e-01	
1.307800e-01	1.031200e-01	7.192900e-02	3.707400e-02	4.612400e-03	

3.470500e+00	3.402000e+00	3.334600e+00	3.268100e+00	3.202700e+00	
3.138400e+00	3.075000e+00	3.012600e+00	2.951200e+00	2.890800e+00	
2.831300e+00	2.772800e+00	2.715200e+00	2.658500e+00	2.602700e+00	
2.547800e+00	2.493800e+00	2.440700e+00	2.388400e+00	2.337000e+00	
2.286400e+00	2.236700e+00	2.187700e+00	2.139600e+00	2.092200e+00	
2.045700e+00	1.999900e+00	1.954900e+00	1.910600e+00	1.867100e+00	
1.824300e+00	1.782200e+00	1.740800e+00	1.700200e+00	1.660200e+00	
1.620900e+00	1.582300e+00	1.544300e+00	1.507000e+00	1.470400e+00	
1.434400e+00	1.398900e+00	1.364200e+00	1.330000e+00	1.296400e+00	
1.263400e+00	1.231000e+00	1.199200e+00	1.167900e+00	1.137200e+00	
1.107000e+00	1.077300e+00	1.048200e+00	1.019600e+00	9.915300e-01	
9.639400e-01	9.368500e-01	9.102500e-01	8.841200e-01	8.584600e-01	
8.332600e-01	8.085100e-01	7.842000e-01	7.603200e-01	7.368700e-01	
7.138400e-01	6.912000e-01	6.689700e-01	6.471100e-01	6.256300e-01	
6.045200e-01	5.837500e-01	5.633200e-01	5.432100e-01	5.234100e-01	
5.039000e-01	4.846700e-01	4.656900e-01	4.469500e-01	4.284100e-01	
4.100600e-01	3.918700e-01	3.737900e-01	3.557900e-01	3.378300e-01	
3.198600e-01	3.018100e-01	2.836200e-01	2.652000e-01	2.464500e-01	
2.272500e-01	2.074700e-01	1.869000e-01	1.653300e-01	1.424600e-01	
1.179200e-01	9.125800e-02	6.205200e-02	3.086900e-02	3.799400e-03	

3.840100e+00	3.760700e+00	3.682600e+00	3.605800e+00	3.530300e+00	
3.456000e+00	3.382900e+00	3.311100e+00	3.240400e+00	3.170900e+00	
3.102600e+00	3.035400e+00	2.969300e+00	2.904400e+00	2.840500e+00	
2.777700e+00	2.716000e+00	2.655400e+00	2.595800e+00	2.537200e+00	
2.479700e+00	2.423100e+00	2.367500e+00	2.312900e+00	2.259200e+00	
2.206500e+00	2.154700e+00	2.103800e+00	2.053900e+00	2.004800e+00	
1.956600e+00	1.909200e+00	1.862700e+00	1.817100e+00	1.772200e+00	
1.728200e+00	1.685000e+00	1.642600e+00	1.600900e+00	1.560000e+00	
1.519900e+00	1.480500e+00	1.441800e+00	1.403900e+00	1.366600e+00	
1.330100e+00	1.294200e+00	1.259000e+00	1.224500e+00	1.190600e+00	
1.157400e+00	1.124800e+00	1.092800e+00	1.061500e+00	1.030700e+00	
1.000600e+00	9.709600e-01	9.419300e-01	9.134700e-01	8.855500e-01	
8.581700e-01	8.313200e-01	8.049800e-01	7.791600e-01	7.538200e-01	
7.289700e-01	7.045900e-01	6.806800e-01	6.572200e-01	6.341800e-01	
6.115800e-01	5.893800e-01	5.675800e-01	5.461500e-01	5.250900e-01	
5.043800e-01	4.839900e-01	4.639100e-01	4.441200e-01	4.245800e-01	
4.052700e-01	3.861600e-01	3.672200e-01	3.484100e-01	3.296800e-01	
3.109900e-01	2.922700e-01	2.734700e-01	2.544900e-01	2.352700e-01	
2.156700e-01	1.955900e-01	1.748500e-01	1.532800e-01	1.306600e-01	
1.067000e-01	8.114500e-02	5.388900e-02	2.596100e-02	3.163500e-03	

4.209500e+00	4.118900e+00	4.029900e+00	3.942400e+00	3.856400e+00	
3.771800e+00	3.688800e+00	3.607100e+00	3.526900e+00	3.448100e+00	
3.370700e+00	3.294700e+00	3.220000e+00	3.146600e+00	3.074500e+00	
3.003700e+00	2.934200e+00	2.865900e+00	2.798800e+00	2.733000e+00	
2.668400e+00	2.604900e+00	2.542600e+00	2.481400e+00	2.421400e+00	
2.362500e+00	2.304600e+00	2.247900e+00	2.192200e+00	2.137500e+00	
2.083900e+00	2.031300e+00	1.979700e+00	1.929000e+00	1.879400e+00	
1.830600e+00	1.782800e+00	1.736000e+00	1.690000e+00	1.644900e+00	
1.600800e+00	1.557400e+00	1.514900e+00	1.473300e+00	1.432500e+00	
1.392400e+00	1.353200e+00	1.314800e+00	1.277100e+00	1.240200e+00	
1.204000e+00	1.168600e+00	1.133800e+00	1.099800e+00	1.066500e+00	
1.033800e+00	1.001800e+00	9.705000e-01	9.398100e-01	9.097500e-01	
8.803000e-01	8.514600e-01	8.232100e-01	7.955500e-01	7.684400e-01	
7.419000e-01	7.158900e-01	6.904100e-01	6.654500e-01	6.409800e-01	
6.170000e-01	5.934900e-01	5.704300e-01	5.478100e-01	5.256100e-01	
5.038000e-01	4.823800e-01	4.613100e-01	4.405800e-01	4.201500e-01	
4.000000e-01	3.801000e-01	3.604100e-01	3.409100e-01	3.215300e-01	
3.022300e-01	2.829700e-01	2.636800e-01	2.442800e-01	2.247000e-01	
2.048400e-01	1.845900e-01	1.638200e-01	1.423900e-01	1.201300e-01	
9.686000e-02	7.246300e-02	4.708100e-02	2.202700e-02	2.659000e-03	

4.578000e+00	4.475800e+00	4.375500e+00	4.277000e+00	4.180300e+00	
4.085300e+00	3.992000e+00	3.900400e+00	3.810500e+00	3.722200e+00	
3.635500e+00	3.550400e+00	3.466900e+00	3.385000e+00	3.304500e+00	
3.225600e+00	3.148100e+00	3.072100e+00	2.997600e+00	2.924400e+00	
2.852600e+00	2.782200e+00	2.713100e+00	2.645400e+00	2.579000e+00	
2.513800e+00	2.449900e+00	2.387300e+00	2.325900e+00	2.265700e+00	
2.206700e+00	2.148800e+00	2.092100e+00	2.036500e+00	1.982000e+00	
1.928700e+00	1.876300e+00	1.825100e+00	1.774900e+00	1.725700e+00	
1.677500e+00	1.630300e+00	1.584100e+00	1.538800e+00	1.494500e+00	
1.451100e+00	1.408600e+00	1.367000e+00	1.326200e+00	1.286300e+00	
1.247300e+00	1.209100e+00	1.171700e+00	1.135100e+00	1.099300e+00	
1.064300e+00	1.030000e+00	9.964400e-01	9.636200e-01	9.315200e-01	
9.001100e-01	8.693800e-01	8.393200e-01	8.099200e-01	7.811500e-01	
7.530100e-01	7.254700e-01	6.985300e-01	6.721800e-01	6.463700e-01	
6.211200e-01	5.964000e-01	5.721800e-01	5.484600e-01	5.252100e-01	
5.024200e-01	4.800500e-01	4.580900e-01	4.365200e-01	4.153000e-01	
3.944100e-01	3.738100e-01	3.534800e-01	3.333700e-01	3.134400e-01	
2.936400e-01	2.739400e-01	2.542500e-01	2.345300e-01	2.147000e-01	
1.946800e-01	1.743600e-01	1.536700e-01	1.324700e-01	1.106500e-01	
8.813100e-02	6.490400e-02	4.129800e-02	1.879500e-02	2.248200e-03	

4.944600e+00	4.830700e+00	4.718900e+00	4.609100e+00	4.501400e+00	
4.395700e+00	4.292000e+00	4.190200e+00	4.090400e+00	3.992500e+00	
3.896400e+00	3.802200e+00	3.709800e+00	3.619100e+00	3.530200e+00	
3.443000e+00	3.357600e+00	3.273800e+00	3.191600e+00	3.111100e+00	
3.032100e+00	2.954700e+00	2.878900e+00	2.804600e+00	2.731700e+00	
2.660400e+00	2.590400e+00	2.521900e+00	2.454800e+00	2.389100e+00	
2.324700e+00	2.261600e+00	2.199900e+00	2.139400e+00	2.080200e+00	
2.022200e+00	1.965400e+00	1.909900e+00	1.855500e+00	1.802200e+00	
1.750100e+00	1.699100e+00	1.649300e+00	1.600500e+00	1.552700e+00	
1.506000e+00	1.460300e+00	1.415600e+00	1.371900e+00	1.329100e+00	
1.287300e+00	1.246500e+00	1.206500e+00	1.167500e+00	1.129300e+00	
1.092000e+00	1.055500e+00	1.019800e+00	9.850000e-01	9.509500e-01	
9.176800e-01	8.851700e-01	8.534100e-01	8.223700e-01	7.920400e-01	
7.624100e-01	7.334500e-01	7.051500e-01	6.775000e-01	6.504600e-01	
6.240400e-01	5.982000e-01	5.729300e-01	5.482000e-01	5.240100e-01	
5.003100e-01	4.771000e-01	4.543500e-01	4.320300e-01	4.101100e-01	
3.885700e-01	3.673700e-01	3.464800e-01	3.258600e-01	3.054700e-01	
2.852700e-01	2.652100e-01	2.452300e-01	2.252700e-01	2.052800e-01	
1.851900e-01	1.649000e-01	1.443600e-01	1.234700e-01	1.021700e-01	
8.043400e-02	5.836500e-02	3.642100e-02	1.615900e-02	1.916400e-03	

5.308900e+00	5.182900e+00	5.059300e+00	4.938100e+00	4.819200e+00	
4.702600e+00	4.588300e+00	4.476300e+00	4.366400e+00	4.258700e+00	
4.153100e+00	4.049600e+00	3.948200e+00	3.848800e+00	3.751300e+00	
3.655900e+00	3.562400e+00	3.470700e+00	3.380900e+00	3.293000e+00	
3.206900e+00	3.122500e+00	3.039900e+00	2.958900e+00	2.879700e+00	
2.802200e+00	2.726200e+00	2.651900e+00	2.579100e+00	2.507800e+00	
2.438100e+00	2.369900e+00	2.303200e+00	2.237800e+00	2.173900e+00	
2.111400e+00	2.050300e+00	1.990500e+00	1.932000e+00	1.874800e+00	
1.818800e+00	1.764200e+00	1.710700e+00	1.658400e+00	1.607400e+00	
1.557400e+00	1.508600e+00	1.461000e+00	1.414400e+00	1.368900e+00	
1.324400e+00	1.281000e+00	1.238600e+00	1.197100e+00	1.156700e+00	
1.117200e+00	1.078600e+00	1.041000e+00	1.004200e+00	9.683000e-01	
9.332700e-01	8.990800e-01	8.657000e-01	8.331300e-01	8.013300e-01	
7.703100e-01	7.400200e-01	7.104600e-01	6.816000e-01	6.534300e-01	
6.259200e-01	5.990600e-01	5.728200e-01	5.471800e-01	5.221300e-01	
4.976300e-01	4.736600e-01	4.502000e-01	4.272100e-01	4.046800e-01	
3.825700e-01	3.608500e-01	3.394800e-01	3.184400e-01	2.976700e-01	
2.771400e-01	2.568000e-01	2.366000e-01	2.165000e-01	1.964200e-01	
1.763300e-01	1.561400e-01	1.358200e-01	1.153000e-01	9.455400e-02	
7.362400e-02	5.268100e-02	3.228000e-02	1.399000e-02	1.645700e-03	

5.670200e+00	5.531900e+00	5.396400e+00	5.263600e+00	5.133400e+00	
5.005800e+00	4.880800e+00	4.758300e+00	4.638300e+00	4.520700e+00	
4.405500e+00	4.292700e+00	4.182200e+00	4.074000e+00	3.968000e+00	
3.864200e+00	3.762600e+00	3.663100e+00	3.565700e+00	3.470300e+00	
3.377000e+00	3.285700e+00	3.196300e+00	3.108800e+00	3.023200e+00	
2.939400e+00	2.857500e+00	2.777400e+00	2.699000e+00	2.622300e+00	
2.547300e+00	2.474000e+00	2.402300e+00	2.332200e+00	2.263700e+00	
2.196700e+00	2.131300e+00	2.067300e+00	2.004800e+00	1.943700e+00	
1.884000e+00	1.825700e+00	1.768800e+00	1.713100e+00	1.658800e+00	
1.605800e+00	1.554000e+00	1.503400e+00	1.454000e+00	1.405800e+00	
1.358800e+00	1.312900e+00	1.268100e+00	1.224400e+00	1.181800e+00	
1.140200e+00	1.099600e+00	1.060100e+00	1.021500e+00	9.838400e-01	
9.471400e-01	9.113500e-01	8.764600e-01	8.424400e-01	8.092700e-01	
7.769300e-01	7.454000e-01	7.146600e-01	6.846900e-01	6.554600e-01	
6.269600e-01	5.991500e-01	5.720300e-01	5.455600e-01	5.197200e-01	
4.944800e-01	4.698300e-01	4.457300e-01	4.221600e-01	3.990900e-01	
3.764800e-01	3.543100e-01	3.325400e-01	3.111300e-01	2.900500e-01	
2.692600e-01	2.487100e-01	2.283600e-01	2.081600e-01	1.880700e-01	
1.680300e-01	1.480100e-01	1.279500e-01	1.078400e-01	8.768000e-02	
6.755500e-02	4.769800e-02	2.872600e-02	1.217800e-02	1.421500e-03	

6.028100e+00	5.877500e+00	5.729900e+00	5.585200e+00	5.443600e+00	
5.304900e+00	5.169100e+00	5.036100e+00	4.905800e+00	4.778300e+00	
4.653500e+00	4.531200e+00	4.411600e+00	4.294500e+00	4.180000e+00	
4.067800e+00	3.958100e+00	3.850700e+00	3.745700e+00	3.643000e+00	
3.542500e+00	3.444200e+00	3.348000e+00	3.254000e+00	3.162100e+00	
3.072200e+00	2.984400e+00	2.898500e+00	2.814500e+00	2.732500e+00	
2.652300e+00	2.573900e+00	2.497400e+00	2.422600e+00	2.349600e+00	
2.278200e+00	2.208500e+00	2.140400e+00	2.074000e+00	2.009100e+00	
1.945700e+00	1.883900e+00	1.823600e+00	1.764700e+00	1.707200e+00	
1.651100e+00	1.596400e+00	1.543000e+00	1.491000e+00	1.440200e+00	
1.390700e+00	1.342500e+00	1.295400e+00	1.249500e+00	1.204800e+00	
1.161200e+00	1.118700e+00	1.077300e+00	1.037000e+00	9.977000e-01	
9.594200e-01	9.221300e-01	8.858100e-01	8.504300e-01	8.159600e-01	
7.824000e-01	7.497100e-01	7.178800e-01	6.868700e-01	6.566600e-01	
6.272400e-01	5.985700e-01	5.706300e-01	5.434000e-01	5.168500e-01	
4.909600e-01	4.656900e-01	4.410300e-01	4.169400e-01	3.933900e-01	
3.703500e-01	3.477900e-01	3.256700e-01	3.039700e-01	2.826400e-01	
2.616400e-01	2.409400e-01	2.205000e-01	2.002700e-01	1.802100e-01	
1.602800e-01	1.404600e-01	1.207100e-01	1.010400e-01	8.147800e-02	
6.214800e-02	4.332900e-02	2.567300e-02	1.066300e-02	1.235500e-03	

6.381800e+00	6.218500e+00	6.058700e+00	5.902200e+00	5.749000e+00	
5.599100e+00	5.452300e+00	5.308700e+00	5.168200e+00	5.030700e+00	
4.896100e+00	4.764500e+00	4.635700e+00	4.509800e+00	4.386600e+00	
4.266100e+00	4.148300e+00	4.033100e+00	3.920500e+00	3.810400e+00	
3.702700e+00	3.597500e+00	3.494700e+00	3.394200e+00	3.296000e+00	
3.200100e+00	3.106300e+00	3.014800e+00	2.925300e+00	2.838000e+00	
2.752700e+00	2.669400e+00	2.588100e+00	2.508700e+00	2.431200e+00	
2.355500e+00	2.281700e+00	2.209600e+00	2.139300e+00	2.070700e+00	
2.003800e+00	1.938600e+00	1.874900e+00	1.812900e+00	1.752400e+00	
1.693300e+00	1.635800e+00	1.579800e+00	1.525100e+00	1.471900e+00	
1.420000e+00	1.369500e+00	1.320200e+00	1.272300e+00	1.225600e+00	
1.180100e+00	1.135800e+00	1.092700e+00	1.050700e+00	1.009900e+00	
9.701000e-01	9.314000e-01	8.937400e-01	8.570900e-01	8.214300e-01	
7.867300e-01	7.529700e-01	7.201200e-01	6.881600e-01	6.570600e-01	
6.268000e-01	5.973400e-01	5.686700e-01	5.407600e-01	5.135700e-01	
4.870900e-01	4.612900e-01	4.361200e-01	4.115800e-01	3.876200e-01	
3.642200e-01	3.413300e-01	3.189400e-01	2.970000e-01	2.754800e-01	
2.543400e-01	2.335400e-01	2.130600e-01	1.928500e-01	1.728700e-01	
1.531000e-01	1.335200e-01	1.141100e-01	9.490000e-02	7.594200e-02	
5.738600e-02	3.954600e-02	2.308600e-02	9.413600e-03	1.083400e-03	

6.732400e+00	6.556500e+00	6.384400e+00	6.215900e+00	6.051100e+00	
5.889900e+00	5.732200e+00	5.578000e+00	5.427100e+00	5.279600e+00	
5.135300e+00	4.994300e+00	4.856400e+00	4.721500e+00	4.589800e+00	
4.461000e+00	4.335100e+00	4.212000e+00	4.091800e+00	3.974400e+00	
3.859600e+00	3.747600e+00	3.638100e+00	3.531200e+00	3.426700e+00	
3.324800e+00	3.225200e+00	3.128000e+00	3.033200e+00	2.940600e+00	
2.850200e+00	2.762000e+00	2.676000e+00	2.592000e+00	2.510100e+00	
2.430200e+00	2.352300e+00	2.276400e+00	2.202300e+00	2.130100e+00	
2.059700e+00	1.991100e+00	1.924200e+00	1.859000e+00	1.795500e+00	
1.733700e+00	1.673400e+00	1.614700e+00	1.557600e+00	1.501900e+00	
1.447700e+00	1.395000e+00	1.343600e+00	1.293700e+00	1.245100e+00	
1.197700e+00	1.151700e+00	1.106900e+00	1.063400e+00	1.021000e+00	
9.798300e-01	9.397800e-01	9.008300e-01	8.629700e-01	8.261700e-01	
7.903900e-01	7.556100e-01	7.218000e-01	6.889400e-01	6.570000e-01	
6.259400e-01	5.957500e-01	5.663900e-01	5.378400e-01	5.100700e-01	
4.830400e-01	4.567400e-01	4.311200e-01	4.061700e-01	3.818400e-01	
3.581100e-01	3.349400e-01	3.123000e-01	2.901600e-01	2.684900e-01	
2.472400e-01	2.263800e-01	2.058800e-01	1.857200e-01	1.658500e-01	
1.462700e-01	1.269400e-01	1.079000e-01	8.915100e-02	7.079400e-02	
5.299600e-02	3.609300e-02	2.075700e-02	8.307300e-03	9.494700e-04	

7.080800e+00	6.892200e+00	6.707700e+00	6.527300e+00	6.350800e+00	
6.178300e+00	6.009600e+00	5.844700e+00	5.683500e+00	5.526000e+00	
5.372000e+00	5.221500e+00	5.074500e+00	4.930800e+00	4.790400e+00	
4.653300e+00	4.519300e+00	4.388500e+00	4.260700e+00	4.136000e+00	
4.014100e+00	3.895200e+00	3.779100e+00	3.665800e+00	3.555100e+00	
3.447200e+00	3.341800e+00	3.239100e+00	3.138800e+00	3.041000e+00	
2.945600e+00	2.852600e+00	2.761900e+00	2.673400e+00	2.587200e+00	
2.503100e+00	2.421200e+00	2.341400e+00	2.263600e+00	2.187800e+00	
2.113900e+00	2.042000e+00	1.971900e+00	1.903700e+00	1.837300e+00	
1.772600e+00	1.709700e+00	1.648400e+00	1.588800e+00	1.530800e+00	
1.474300e+00	1.419400e+00	1.366000e+00	1.314100e+00	1.263600e+00	
1.214500e+00	1.166800e+00	1.120400e+00	1.075300e+00	1.031500e+00	
9.888900e-01	9.475300e-01	9.073400e-01	8.683100e-01	8.304000e-01	
7.935800e-01	7.578200e-01	7.230900e-01	6.893700e-01	6.566100e-01	
6.248100e-01	5.939100e-01	5.639000e-01	5.347400e-01	5.064100e-01	
4.788700e-01	4.521000e-01	4.260600e-01	4.007200e-01	3.760500e-01	
3.520200e-01	3.285900e-01	3.057400e-01	2.834300e-01	2.616200e-01	
2.402800e-01	2.193900e-01	1.989000e-01	1.788000e-01	1.590600e-01	
1.396700e-01	1.206300e-01	1.019500e-01	8.367700e-02	6.591800e-02	
4.886500e-02	3.287100e-02	1.860600e-02	7.298900e-03	8.278900e-04	

7.429200e+00	7.227900e+00	7.031000e+00	6.838600e+00	6.650500e+00	
6.466700e+00	6.287000e+00	6.111500e+00	5.940000e+00	5.772300e+00	
5.608700e+00	5.448700e+00	5.292500e+00	5.140000e+00	4.991000e+00	
4.845600e+00	4.703600e+00	4.564900e+00	4.429600e+00	4.297500e+00	
4.168600e+00	4.042800e+00	3.920100e+00	3.800400e+00	3.683500e+00	
3.569600e+00	3.458500e+00	3.350100e+00	3.244500e+00	3.141500e+00	
3.041000e+00	2.943200e+00	2.847800e+00	2.754800e+00	2.664300e+00	
2.576000e+00	2.490100e+00	2.406300e+00	2.324800e+00	2.245400e+00	
2.168200e+00	2.092900e+00	2.019700e+00	1.948400e+00	1.879000e+00	
1.811600e+00	1.745900e+00	1.682100e+00	1.620000e+00	1.559600e+00	
1.500900e+00	1.443900e+00	1.388400e+00	1.334500e+00	1.282100e+00	
1.231200e+00	1.181800e+00	1.133800e+00	1.087200e+00	1.041900e+00	
9.979500e-01	9.552800e-01	9.138500e-01	8.736500e-01	8.346300e-01	
7.967700e-01	7.600300e-01	7.243800e-01	6.898000e-01	6.562300e-01	
6.236700e-01	5.920700e-01	5.614100e-01	5.316400e-01	5.027600e-01	
4.747000e-01	4.474600e-01	4.210000e-01	3.952800e-01	3.702700e-01	
3.459400e-01	3.222500e-01	2.991800e-01	2.766900e-01	2.547500e-01	
2.333200e-01	2.123900e-01	1.919200e-01	1.718800e-01	1.522800e-01	
1.330800e-01	1.143200e-01	9.600000e-02	7.820300e-02	6.104300e-02	
4.473400e-02	2.964900e-02	1.645500e-02	6.290500e-03	7.063200e-04	

7.777600e+00	7.563500e+00	7.354400e+00	7.149900e+00	6.950200e+00	
6.755000e+00	6.564400e+00	6.378200e+00	6.196400e+00	6.018700e+00	
5.845300e+00	5.676000e+00	5.510600e+00	5.349200e+00	5.191700e+00	
5.037900e+00	4.887800e+00	4.741300e+00	4.598500e+00	4.459100e+00	
4.323100e+00	4.190500e+00	4.061100e+00	3.935000e+00	3.811900e+00	
3.692000e+00	3.575100e+00	3.461200e+00	3.350100e+00	3.241900e+00	
3.136500e+00	3.033800e+00	2.933700e+00	2.836200e+00	2.741300e+00	
2.648900e+00	2.558900e+00	2.471300e+00	2.386100e+00	2.303100e+00	
2.222400e+00	2.143800e+00	2.067400e+00	1.993100e+00	1.920800e+00	
1.850500e+00	1.782200e+00	1.715700e+00	1.651200e+00	1.588500e+00	
1.527500e+00	1.468300e+00	1.410800e+00	1.354900e+00	1.300700e+00	
1.248000e+00	1.196900e+00	1.147200e+00	1.099100e+00	1.052300e+00	
1.007000e+00	9.630200e-01	9.203600e-01	8.789900e-01	8.388700e-01	
7.999600e-01	7.622400e-01	7.256700e-01	6.902200e-01	6.558500e-01	
6.225300e-01	5.902300e-01	5.589100e-01	5.285500e-01	4.991000e-01	
4.705300e-01	4.428200e-01	4.159300e-01	3.898300e-01	3.644800e-01	
3.398500e-01	3.159000e-01	2.926200e-01	2.699600e-01	2.478800e-01	
2.263700e-01	2.054000e-01	1.849400e-01	1.649700e-01	1.454900e-01	
1.264900e-01	1.080000e-01	9.005300e-02	7.272900e-02	5.616800e-02	
4.060300e-02	2.642700e-02	1.430400e-02	5.282100e-03	5.847400e-04	

8.126000e+00	7.899200e+00	7.677700e+00	7.461200e+00	7.249900e+00	
7.043400e+00	6.841900e+00	6.644900e+00	6.452800e+00	6.265100e+00	
6.082000e+00	5.903200e+00	5.728700e+00	5.558400e+00	5.392300e+00	
5.230200e+00	5.072000e+00	4.917800e+00	4.767400e+00	4.620600e+00	
4.477600e+00	4.338100e+00	4.202100e+00	4.069600e+00	3.940300e+00	
3.814500e+00	3.691700e+00	3.572300e+00	3.455800e+00	3.342400e+00	
3.231900e+00	3.124300e+00	3.019600e+00	2.917700e+00	2.818400e+00	
2.721800e+00	2.627800e+00	2.536300e+00	2.447300e+00	2.360800e+00	
2.276600e+00	2.194800e+00	2.115200e+00	2.037800e+00	1.962500e+00	
1.889500e+00	1.818400e+00	1.749400e+00	1.682400e+00	1.617300e+00	
1.554100e+00	1.492800e+00	1.433100e+00	1.375300e+00	1.319200e+00	
1.264700e+00	1.211900e+00	1.160700e+00	1.110900e+00	1.062800e+00	
1.016100e+00	9.707700e-01	9.268700e-01	8.843300e-01	8.431000e-01	
8.031500e-01	7.644500e-01	7.269600e-01	6.906500e-01	6.554700e-01	
6.214000e-01	5.883900e-01	5.564200e-01	5.254500e-01	4.954400e-01	
4.663600e-01	4.381900e-01	4.108700e-01	3.843800e-01	3.586900e-01	
3.337600e-01	3.095600e-01	2.860500e-01	2.632200e-01	2.410100e-01	
2.194100e-01	1.984000e-01	1.779500e-01	1.580500e-01	1.387000e-01	
1.199000e-01	1.016900e-01	8.410600e-02	6.725500e-02	5.129200e-02	
3.647200e-02	2.320500e-02	1.215300e-02	4.273700e-03	4.631600e-04	

8.474400e+00	8.234900e+00	8.001000e+00	7.772600e+00	7.549600e+00	
7.331800e+00	7.119300e+00	6.911700e+00	6.709200e+00	6.511500e+00	
6.318700e+00	6.130400e+00	5.946800e+00	5.767600e+00	5.592900e+00	
5.422500e+00	5.256300e+00	5.094200e+00	4.936200e+00	4.782200e+00	
4.632000e+00	4.485800e+00	4.343200e+00	4.204200e+00	4.068800e+00	
3.936900e+00	3.808400e+00	3.683300e+00	3.561500e+00	3.442900e+00	
3.327300e+00	3.214900e+00	3.105500e+00	2.999100e+00	2.895500e+00	
2.794700e+00	2.696700e+00	2.601300e+00	2.508600e+00	2.418500e+00	
2.330900e+00	2.245700e+00	2.162900e+00	2.082500e+00	2.004300e+00	
1.928400e+00	1.854700e+00	1.783100e+00	1.713600e+00	1.646200e+00	
1.580700e+00	1.517200e+00	1.455500e+00	1.395800e+00	1.337700e+00	
1.281500e+00	1.227000e+00	1.174100e+00	1.122800e+00	1.073200e+00	
1.025100e+00	9.785200e-01	9.333800e-01	8.896700e-01	8.473300e-01	
8.063500e-01	7.666600e-01	7.282500e-01	6.910700e-01	6.550800e-01	
6.202600e-01	5.865500e-01	5.539300e-01	5.223500e-01	4.917800e-01	
4.621900e-01	4.335500e-01	4.058000e-01	3.789400e-01	3.529100e-01	
3.276800e-01	3.032100e-01	2.794900e-01	2.564800e-01	2.341400e-01	
2.124600e-01	1.914100e-01	1.709700e-01	1.511300e-01	1.319100e-01	
1.133100e-01	9.537400e-02	7.815800e-02	6.178100e-02	4.641700e-02	
3.234100e-02	1.998300e-02	1.000200e-02	3.265300e-03	3.415900e-04	

8.822700e+00	8.570600e+00	8.324300e+00	8.083900e+00	7.849200e+00	
7.620200e+00	7.396700e+00	7.178400e+00	6.965600e+00	6.757800e+00	
6.555300e+00	6.357700e+00	6.164900e+00	5.976900e+00	5.793500e+00	
5.614800e+00	5.440500e+00	5.270700e+00	5.105100e+00	4.943700e+00	
4.786500e+00	4.633400e+00	4.484200e+00	4.338800e+00	4.197200e+00	
4.059300e+00	3.925000e+00	3.794400e+00	3.667100e+00	3.543300e+00	
3.422800e+00	3.305500e+00	3.191400e+00	3.080500e+00	2.972600e+00	
2.867500e+00	2.765500e+00	2.666300e+00	2.569900e+00	2.476100e+00	
2.385100e+00	2.296600e+00	2.210700e+00	2.127100e+00	2.046100e+00	
1.967300e+00	1.890900e+00	1.816800e+00	1.744800e+00	1.675000e+00	
1.607300e+00	1.541600e+00	1.477900e+00	1.416200e+00	1.356300e+00	
1.298200e+00	1.242000e+00	1.187500e+00	1.134700e+00	1.083700e+00	
1.034200e+00	9.862700e-01	9.398900e-01	8.950100e-01	8.515700e-01	
8.095400e-01	7.688700e-01	7.295400e-01	6.915000e-01	6.547000e-01	
6.191200e-01	5.847100e-01	5.514300e-01	5.192500e-01	4.881300e-01	
4.580200e-01	4.289100e-01	4.007400e-01	3.734900e-01	3.471200e-01	
3.215900e-01	2.968700e-01	2.729300e-01	2.497500e-01	2.272700e-01	
2.055000e-01	1.844100e-01	1.639900e-01	1.442200e-01	1.251200e-01	
1.067200e-01	8.906000e-02	7.221100e-02	5.630700e-02	4.154200e-02	
2.821000e-02	1.676100e-02	7.850400e-03	2.256900e-03	2.200100e-04	

9.171100e+00	8.906300e+00	8.647700e+00	8.395200e+00	8.148900e+00	
7.908600e+00	7.674100e+00	7.445200e+00	7.222000e+00	7.004200e+00	
6.792000e+00	6.584900e+00	6.383000e+00	6.186100e+00	5.994200e+00	
5.807100e+00	5.624800e+00	5.447100e+00	5.274000e+00	5.105300e+00	
4.941000e+00	4.781000e+00	4.625200e+00	4.473400e+00	4.325600e+00	
4.181700e+00	4.041600e+00	3.905400e+00	3.772800e+00	3.643800e+00	
3.518200e+00	3.396100e+00	3.277300e+00	3.161900e+00	3.049600e+00	
2.940400e+00	2.834400e+00	2.731300e+00	2.631100e+00	2.533800e+00	
2.439300e+00	2.347500e+00	2.258400e+00	2.171800e+00	2.087800e+00	
2.006300e+00	1.927200e+00	1.850400e+00	1.776100e+00	1.703900e+00	
1.633900e+00	1.566100e+00	1.500300e+00	1.436600e+00	1.374800e+00	
1.315000e+00	1.257100e+00	1.200900e+00	1.146600e+00	1.094100e+00	
1.043200e+00	9.940200e-01	9.464000e-01	9.003500e-01	8.558000e-01	
8.127300e-01	7.710800e-01	7.308300e-01	6.919300e-01	6.543200e-01	
6.179900e-01	5.828700e-01	5.489400e-01	5.161500e-01	4.844700e-01	
4.538500e-01	4.242700e-01	3.956800e-01	3.680500e-01	3.413300e-01	
3.155100e-01	2.905200e-01	2.663700e-01	2.430100e-01	2.204100e-01	
1.985500e-01	1.774200e-01	1.570100e-01	1.373000e-01	1.183400e-01	
1.001300e-01	8.274600e-02	6.626300e-02	5.083300e-02	3.666600e-02	
2.407900e-02	1.353900e-02	5.699300e-03	1.248500e-03	9.843300e-05	

9.519500e+00	9.241900e+00	8.971000e+00	8.706600e+00	8.448600e+00	
8.196900e+00	7.951500e+00	7.711900e+00	7.478400e+00	7.250600e+00	
7.028600e+00	6.812100e+00	6.601000e+00	6.395300e+00	6.194800e+00	
5.999400e+00	5.809000e+00	5.623500e+00	5.442900e+00	5.266900e+00	
5.095500e+00	4.928700e+00	4.766200e+00	4.608000e+00	4.454000e+00	
4.304200e+00	4.158300e+00	4.016500e+00	3.878400e+00	3.744200e+00	
3.613600e+00	3.486700e+00	3.363200e+00	3.243300e+00	3.126700e+00	
3.013300e+00	2.903300e+00	2.796200e+00	2.692400e+00	2.591500e+00	
2.493600e+00	2.398400e+00	2.306100e+00	2.216500e+00	2.129600e+00	
2.045200e+00	1.963400e+00	1.884100e+00	1.807300e+00	1.732700e+00	
1.660500e+00	1.590500e+00	1.522600e+00	1.457000e+00	1.393300e+00	
1.331700e+00	1.272100e+00	1.214400e+00	1.158500e+00	1.104600e+00	
1.052300e+00	1.001800e+00	9.529100e-01	9.056900e-01	8.600300e-01	
8.159200e-01	7.732900e-01	7.321200e-01	6.923500e-01	6.539400e-01	
6.168500e-01	5.810300e-01	5.464500e-01	5.130500e-01	4.808100e-01	
4.496800e-01	4.196300e-01	3.906100e-01	3.626000e-01	3.355500e-01	
3.094200e-01	2.841800e-01	2.598100e-01	2.362700e-01	2.135400e-01	
1.915900e-01	1.704200e-01	1.500200e-01	1.303800e-01	1.115500e-01	
9.353800e-02	7.643200e-02	6.031600e-02	4.535900e-02	3.179100e-02	
1.994800e-02	1.031700e-02	3.548200e-03	2.400700e-04	-2.314300e-05	

