-3.000000e+00   -2.969741e+00   -2.939482e+00   -2.909223e+00   -2.878964e+00 
-2.848705e+00   -2.818446e+00   -2.788187e+00   -2.757928e+00   -2.727670e+00   
-2.697411e+00   -2.667152e+00   -2.636893e+00   -2.606634e+00   -2.576375e+00   
-2.546116e+00   -2.515857e+00   -2.485598e+00   -2.455339e+00   -2.425080e+00   
-2.394821e+00   -2.364562e+00   -2.334303e+00   -2.304044e+00   -2.273785e+00   
-2.243526e+00   -2.213268e+00   -2.183009e+00   -2.152750e+00   -2.122491e+00   
-2.092232e+00   -2.061973e+00   -2.031714e+00   -2.001455e+00   -1.971196e+00   
-1.940937e+00   -1.910678e+00   -1.880419e+00   -1.850160e+00   -1.819901e+00   
-1.789642e+00   -1.759383e+00   -1.729124e+00   -1.698866e+00   -1.668607e+00   
-1.638348e+00   -1.608089e+00   -1.577830e+00   -1.547571e+00   -1.517312e+00   
-1.487053e+00   -1.456794e+00   -1.426535e+00   -1.396276e+00   -1.366017e+00   
-1.335758e+00   -1.305499e+00   -1.275240e+00   -1.244981e+00   -1.214722e+00   
-1.184464e+00   -1.154205e+00   -1.123946e+00   -1.093687e+00   -1.063428e+00   
-1.033169e+00   -1.002910e+00   -9.726509e-01   -9.423920e-01   -9.121330e-01   
-8.818741e-01   -8.516152e-01   -8.213562e-01   -7.910973e-01   -7.608383e-01   
-7.305794e-01   -7.003205e-01   -6.700615e-01   -6.398026e-01   -6.095436e-01   
-5.792847e-01   -5.490257e-01   -5.187668e-01   -4.885079e-01   -4.582489e-01   
-4.279900e-01   -3.977310e-01   -3.674721e-01   -3.372132e-01   -3.069542e-01   
-2.766953e-01   -2.464363e-01   -2.161774e-01   -1.859185e-01   -1.556595e-01   
-1.254006e-01   -9.514163e-02   -6.488269e-02   -3.462375e-02   -4.364805e-03

1.000000e+00	1.426867e+00	2.035949e+00	2.905029e+00	4.145090e+00	
5.914492e+00	8.439194e+00	1.204161e+01	1.718177e+01	2.451610e+01	
3.498122e+01	4.991354e+01	7.121999e+01	1.016215e+02	1.450003e+02	
2.068961e+02	2.952133e+02	4.212301e+02	6.010393e+02	8.576031e+02	
1.223686e+03	1.746037e+03	2.491362e+03	3.554842e+03	5.072287e+03	
7.237479e+03	1.032692e+04	1.473514e+04	2.102509e+04	3.000000e+04	

-9.069900e-03	-9.000100e-03	-8.930200e-03	-8.860200e-03	-8.790200e-03	
-8.720000e-03	-8.649700e-03	-8.579400e-03	-8.509000e-03	-8.438500e-03	
-8.367900e-03	-8.297200e-03	-8.226400e-03	-8.155600e-03	-8.084700e-03	
-8.013700e-03	-7.942600e-03	-7.871500e-03	-7.800200e-03	-7.729000e-03	
-7.657700e-03	-7.586300e-03	-7.514900e-03	-7.443400e-03	-7.372000e-03	
-7.300500e-03	-7.229000e-03	-7.157500e-03	-7.086100e-03	-7.014700e-03	
-6.943300e-03	-6.872000e-03	-6.800700e-03	-6.729600e-03	-6.658500e-03	
-6.587600e-03	-6.516700e-03	-6.446100e-03	-6.375600e-03	-6.305300e-03	
-6.235200e-03	-6.165200e-03	-6.095500e-03	-6.025900e-03	-5.956600e-03	
-5.887400e-03	-5.818300e-03	-5.749300e-03	-5.680500e-03	-5.611500e-03	
-5.542500e-03	-5.473200e-03	-5.403500e-03	-5.333300e-03	-5.262200e-03	
-5.190000e-03	-5.116400e-03	-5.040800e-03	-4.962800e-03	-4.881800e-03	
-4.797000e-03	-4.707400e-03	-4.612000e-03	-4.509500e-03	-4.398300e-03	
-4.276700e-03	-4.142400e-03	-3.993000e-03	-3.825400e-03	-3.636200e-03	
-3.421200e-03	-3.175600e-03	-2.894000e-03	-2.569700e-03	-2.195200e-03	
-1.762400e-03	-1.260100e-03	-6.777100e-04	-1.999700e-06	7.825800e-04	
1.691700e-03	2.745000e-03	3.962700e-03	5.367800e-03	6.984900e-03	
8.839700e-03	1.095800e-02	1.336700e-02	1.608500e-02	1.913100e-02	
2.250600e-02	2.619300e-02	3.014500e-02	3.425400e-02	3.831600e-02	
4.196800e-02	4.453200e-02	4.461300e-02	3.829100e-02	5.364800e-03	

-3.308500e-03	-3.283000e-03	-3.257500e-03	-3.232000e-03	-3.206400e-03	
-3.180800e-03	-3.155200e-03	-3.129500e-03	-3.103800e-03	-3.078100e-03	
-3.052300e-03	-3.026500e-03	-3.000700e-03	-2.974900e-03	-2.949000e-03	
-2.923000e-03	-2.897100e-03	-2.871100e-03	-2.845100e-03	-2.819100e-03	
-2.793000e-03	-2.766900e-03	-2.740800e-03	-2.714600e-03	-2.688500e-03	
-2.662300e-03	-2.636100e-03	-2.609800e-03	-2.583600e-03	-2.557300e-03	
-2.531000e-03	-2.504700e-03	-2.478400e-03	-2.452000e-03	-2.425600e-03	
-2.399100e-03	-2.372700e-03	-2.346100e-03	-2.319500e-03	-2.292800e-03	
-2.265900e-03	-2.238900e-03	-2.211800e-03	-2.184400e-03	-2.156700e-03	
-2.128700e-03	-2.100200e-03	-2.071200e-03	-2.041600e-03	-2.011200e-03	
-1.979900e-03	-1.947400e-03	-1.913600e-03	-1.878100e-03	-1.840600e-03	
-1.800800e-03	-1.758100e-03	-1.712000e-03	-1.661900e-03	-1.607000e-03	
-1.546400e-03	-1.479100e-03	-1.403900e-03	-1.319200e-03	-1.223500e-03	
-1.114800e-03	-9.907700e-04	-8.487600e-04	-6.856900e-04	-4.979500e-04	
-2.813700e-04	-3.116500e-05	2.581700e-04	5.930500e-04	9.807900e-04	
1.429500e-03	1.949100e-03	2.550100e-03	3.244500e-03	4.046400e-03	
4.970100e-03	6.032700e-03	7.251700e-03	8.646500e-03	1.023700e-02	
1.204300e-02	1.408400e-02	1.637500e-02	1.892700e-02	2.174200e-02	
2.480500e-02	2.807800e-02	3.148700e-02	3.489200e-02	3.805600e-02	
4.057800e-02	4.174800e-02	4.020500e-02	3.258200e-02	4.517000e-03	

2.541800e-03	2.520400e-03	2.499100e-03	2.477800e-03	2.456500e-03	
2.435300e-03	2.414000e-03	2.392700e-03	2.371400e-03	2.350200e-03	
2.328900e-03	2.307700e-03	2.286500e-03	2.265300e-03	2.244100e-03	
2.222900e-03	2.201700e-03	2.180600e-03	2.159500e-03	2.138400e-03	
2.117300e-03	2.096300e-03	2.075400e-03	2.054400e-03	2.033500e-03	
2.012700e-03	1.992000e-03	1.971300e-03	1.950700e-03	1.930200e-03	
1.909900e-03	1.889600e-03	1.869600e-03	1.849700e-03	1.830000e-03	
1.810500e-03	1.791300e-03	1.772400e-03	1.753800e-03	1.735600e-03	
1.717900e-03	1.700700e-03	1.684100e-03	1.668100e-03	1.652900e-03	
1.638600e-03	1.625300e-03	1.613200e-03	1.602400e-03	1.593200e-03	
1.585800e-03	1.580400e-03	1.577400e-03	1.577100e-03	1.580000e-03	
1.586600e-03	1.597300e-03	1.613000e-03	1.634200e-03	1.662000e-03	
1.697300e-03	1.741300e-03	1.795400e-03	1.861100e-03	1.940300e-03	
2.035000e-03	2.147700e-03	2.281100e-03	2.438500e-03	2.623500e-03	
2.840300e-03	3.093700e-03	3.389200e-03	3.733100e-03	4.132400e-03	
4.595200e-03	5.130200e-03	5.747700e-03	6.458700e-03	7.275500e-03	
8.211400e-03	9.280800e-03	1.049900e-02	1.188000e-02	1.344100e-02	
1.519600e-02	1.715500e-02	1.932700e-02	2.171000e-02	2.429200e-02	
2.704300e-02	2.990300e-02	3.277000e-02	3.547700e-02	3.775400e-02	
3.916300e-02	3.897000e-02	3.585500e-02	2.701600e-02	3.691500e-03	

9.283100e-03	9.189100e-03	9.095500e-03	9.002300e-03	8.909300e-03	
8.816700e-03	8.724400e-03	8.632500e-03	8.540900e-03	8.449600e-03	
8.358600e-03	8.268000e-03	8.177700e-03	8.087800e-03	7.998200e-03	
7.908900e-03	7.820000e-03	7.731500e-03	7.643300e-03	7.555500e-03	
7.468000e-03	7.381000e-03	7.294300e-03	7.208100e-03	7.122300e-03	
7.036900e-03	6.951900e-03	6.867500e-03	6.783500e-03	6.700100e-03	
6.617200e-03	6.534800e-03	6.453100e-03	6.372000e-03	6.291600e-03	
6.211900e-03	6.133000e-03	6.054900e-03	5.977800e-03	5.901600e-03	
5.826500e-03	5.752600e-03	5.679900e-03	5.608600e-03	5.538800e-03	
5.470700e-03	5.404400e-03	5.340200e-03	5.278200e-03	5.218800e-03	
5.162200e-03	5.108700e-03	5.058800e-03	5.012800e-03	4.971300e-03	
4.934700e-03	4.903900e-03	4.879400e-03	4.862200e-03	4.853200e-03	
4.853500e-03	4.864400e-03	4.887300e-03	4.924000e-03	4.976300e-03	
5.046300e-03	5.136700e-03	5.250200e-03	5.390000e-03	5.559900e-03	
5.764000e-03	6.007100e-03	6.294400e-03	6.632200e-03	7.027000e-03	
7.486500e-03	8.019000e-03	8.633900e-03	9.341000e-03	1.015200e-02	
1.107700e-02	1.213000e-02	1.332200e-02	1.466500e-02	1.617100e-02	
1.784900e-02	1.970300e-02	2.173300e-02	2.392900e-02	2.626700e-02	
2.870100e-02	3.115800e-02	3.351600e-02	3.558900e-02	3.708700e-02	
3.756400e-02	3.630300e-02	3.210400e-02	2.273200e-02	3.065400e-03	

1.690700e-02	1.671200e-02	1.651800e-02	1.632500e-02	1.613300e-02	
1.594300e-02	1.575300e-02	1.556500e-02	1.537800e-02	1.519200e-02	
1.500700e-02	1.482300e-02	1.464000e-02	1.445800e-02	1.427800e-02	
1.409800e-02	1.392000e-02	1.374200e-02	1.356600e-02	1.339100e-02	
1.321700e-02	1.304500e-02	1.287300e-02	1.270300e-02	1.253300e-02	
1.236500e-02	1.219900e-02	1.203300e-02	1.186900e-02	1.170600e-02	
1.154500e-02	1.138400e-02	1.122600e-02	1.106800e-02	1.091300e-02	
1.075800e-02	1.060600e-02	1.045500e-02	1.030600e-02	1.015900e-02	
1.001400e-02	9.870800e-03	9.730100e-03	9.591700e-03	9.455900e-03	
9.322800e-03	9.192600e-03	9.065600e-03	8.942100e-03	8.822200e-03	
8.706500e-03	8.595100e-03	8.488600e-03	8.387400e-03	8.292100e-03	
8.203300e-03	8.121600e-03	8.048000e-03	7.983200e-03	7.928400e-03	
7.884600e-03	7.853300e-03	7.835900e-03	7.834100e-03	7.850000e-03	
7.885600e-03	7.943600e-03	8.026800e-03	8.138400e-03	8.282000e-03	
8.461800e-03	8.682400e-03	8.948800e-03	9.267000e-03	9.643200e-03	
1.008500e-02	1.059900e-02	1.119500e-02	1.188100e-02	1.266700e-02	
1.356300e-02	1.458000e-02	1.572700e-02	1.701200e-02	1.844400e-02	
2.002600e-02	2.175900e-02	2.363400e-02	2.563400e-02	2.772600e-02	
2.985300e-02	3.193000e-02	3.382400e-02	3.533700e-02	3.617600e-02	
3.590000e-02	3.384100e-02	2.894700e-02	1.948600e-02	2.598000e-03	

2.528300e-02	2.496000e-02	2.463900e-02	2.432100e-02	2.400500e-02	
2.369100e-02	2.338000e-02	2.307200e-02	2.276500e-02	2.246100e-02	
2.216000e-02	2.186000e-02	2.156300e-02	2.126900e-02	2.097600e-02	
2.068600e-02	2.039900e-02	2.011300e-02	1.983000e-02	1.955000e-02	
1.927100e-02	1.899500e-02	1.872200e-02	1.845000e-02	1.818100e-02	
1.791500e-02	1.765100e-02	1.738900e-02	1.713000e-02	1.687300e-02	
1.661900e-02	1.636700e-02	1.611800e-02	1.587200e-02	1.562800e-02	
1.538700e-02	1.514900e-02	1.491400e-02	1.468200e-02	1.445300e-02	
1.422700e-02	1.400500e-02	1.378600e-02	1.357000e-02	1.335900e-02	
1.315200e-02	1.294900e-02	1.275000e-02	1.255700e-02	1.236800e-02	
1.218500e-02	1.200800e-02	1.183700e-02	1.167300e-02	1.151600e-02	
1.136800e-02	1.122800e-02	1.109800e-02	1.097800e-02	1.087100e-02	
1.077600e-02	1.069500e-02	1.063000e-02	1.058300e-02	1.055500e-02	
1.054800e-02	1.056600e-02	1.061100e-02	1.068700e-02	1.079600e-02	
1.094200e-02	1.113100e-02	1.136700e-02	1.165600e-02	1.200300e-02	
1.241600e-02	1.290100e-02	1.346600e-02	1.411800e-02	1.486800e-02	
1.572200e-02	1.669000e-02	1.777800e-02	1.899300e-02	2.033900e-02	
2.181600e-02	2.341900e-02	2.513400e-02	2.693800e-02	2.879000e-02	
3.062700e-02	3.235400e-02	3.383100e-02	3.485800e-02	3.514200e-02	
3.426400e-02	3.161100e-02	2.628500e-02	1.696900e-02	2.240400e-03	

3.428100e-02	3.380500e-02	3.333300e-02	3.286600e-02	3.240200e-02	
3.194300e-02	3.148900e-02	3.103800e-02	3.059100e-02	3.014900e-02	
2.971100e-02	2.927600e-02	2.884600e-02	2.842000e-02	2.799700e-02	
2.757900e-02	2.716500e-02	2.675500e-02	2.634800e-02	2.594600e-02	
2.554700e-02	2.515300e-02	2.476200e-02	2.437600e-02	2.399300e-02	
2.361400e-02	2.323900e-02	2.286900e-02	2.250200e-02	2.213900e-02	
2.178000e-02	2.142600e-02	2.107500e-02	2.072900e-02	2.038700e-02	
2.004900e-02	1.971600e-02	1.938700e-02	1.906200e-02	1.874200e-02	
1.842700e-02	1.811700e-02	1.781200e-02	1.751200e-02	1.721700e-02	
1.692800e-02	1.664500e-02	1.636800e-02	1.609800e-02	1.583400e-02	
1.557700e-02	1.532800e-02	1.508600e-02	1.485400e-02	1.463000e-02	
1.441600e-02	1.421300e-02	1.402100e-02	1.384200e-02	1.367500e-02	
1.352400e-02	1.338900e-02	1.327100e-02	1.317300e-02	1.309500e-02	
1.304200e-02	1.301400e-02	1.301500e-02	1.304800e-02	1.311700e-02	
1.322400e-02	1.337500e-02	1.357400e-02	1.382600e-02	1.413700e-02	
1.451300e-02	1.496100e-02	1.548700e-02	1.609800e-02	1.680200e-02	
1.760600e-02	1.851700e-02	1.953800e-02	2.067600e-02	2.192900e-02	
2.329600e-02	2.476700e-02	2.632400e-02	2.793800e-02	2.956200e-02	
3.112800e-02	3.253500e-02	3.364100e-02	3.424400e-02	3.406200e-02	
3.269900e-02	2.960400e-02	2.401700e-02	1.496300e-02	1.958400e-03	

4.385700e-02	4.320300e-02	4.255600e-02	4.191500e-02	4.128100e-02	
4.065300e-02	4.003200e-02	3.941700e-02	3.880900e-02	3.820800e-02	
3.761200e-02	3.702300e-02	3.644100e-02	3.586400e-02	3.529400e-02	
3.472900e-02	3.417100e-02	3.361900e-02	3.307300e-02	3.253300e-02	
3.200000e-02	3.147200e-02	3.095000e-02	3.043400e-02	2.992400e-02	
2.942000e-02	2.892100e-02	2.842900e-02	2.794300e-02	2.746300e-02	
2.698800e-02	2.652000e-02	2.605800e-02	2.560100e-02	2.515100e-02	
2.470700e-02	2.426900e-02	2.383700e-02	2.341200e-02	2.299300e-02	
2.258100e-02	2.217500e-02	2.177700e-02	2.138500e-02	2.100100e-02	
2.062300e-02	2.025400e-02	1.989200e-02	1.953900e-02	1.919400e-02	
1.885800e-02	1.853200e-02	1.821500e-02	1.790800e-02	1.761300e-02	
1.732900e-02	1.705800e-02	1.679900e-02	1.655500e-02	1.632700e-02	
1.611400e-02	1.592000e-02	1.574500e-02	1.559200e-02	1.546100e-02	
1.535600e-02	1.527800e-02	1.523100e-02	1.521700e-02	1.524000e-02	
1.530300e-02	1.541100e-02	1.556800e-02	1.577800e-02	1.604800e-02	
1.638200e-02	1.678600e-02	1.726700e-02	1.783100e-02	1.848500e-02	
1.923200e-02	2.008000e-02	2.103000e-02	2.208600e-02	2.324500e-02	
2.450100e-02	2.584100e-02	2.724400e-02	2.867600e-02	3.008800e-02	
3.140500e-02	3.252600e-02	3.330600e-02	3.354800e-02	3.298000e-02	
3.123600e-02	2.782200e-02	2.210300e-02	1.336800e-02	1.736700e-03	

5.376400e-02	5.291600e-02	5.207800e-02	5.124800e-02	5.042900e-02	
4.961800e-02	4.881700e-02	4.802600e-02	4.724300e-02	4.646900e-02	
4.570400e-02	4.494900e-02	4.420200e-02	4.346400e-02	4.273400e-02	
4.201300e-02	4.130100e-02	4.059800e-02	3.990200e-02	3.921600e-02	
3.853700e-02	3.786700e-02	3.720500e-02	3.655200e-02	3.590600e-02	
3.526900e-02	3.464000e-02	3.401900e-02	3.340700e-02	3.280200e-02	
3.220600e-02	3.161700e-02	3.103700e-02	3.046500e-02	2.990100e-02	
2.934500e-02	2.879800e-02	2.825800e-02	2.772800e-02	2.720500e-02	
2.669100e-02	2.618600e-02	2.569000e-02	2.520300e-02	2.472400e-02	
2.425600e-02	2.379600e-02	2.334700e-02	2.290800e-02	2.247900e-02	
2.206100e-02	2.165400e-02	2.125900e-02	2.087600e-02	2.050700e-02	
2.015000e-02	1.980800e-02	1.948100e-02	1.917100e-02	1.887700e-02	
1.860200e-02	1.834700e-02	1.811300e-02	1.790200e-02	1.771600e-02	
1.755600e-02	1.742700e-02	1.732900e-02	1.726600e-02	1.724100e-02	
1.725800e-02	1.732100e-02	1.743300e-02	1.759900e-02	1.782400e-02	
1.811300e-02	1.847200e-02	1.890600e-02	1.942000e-02	2.001900e-02	
2.070800e-02	2.149100e-02	2.236900e-02	2.334100e-02	2.440500e-02	
2.555000e-02	2.676200e-02	2.801600e-02	2.927400e-02	3.048300e-02	
3.156700e-02	3.242200e-02	3.290400e-02	3.282100e-02	3.191400e-02	
2.984500e-02	2.617700e-02	2.038600e-02	1.198700e-02	1.546000e-03	

6.404700e-02	6.298500e-02	6.193700e-02	6.090100e-02	5.987800e-02	
5.886800e-02	5.787100e-02	5.688500e-02	5.591200e-02	5.495100e-02	
5.400200e-02	5.306600e-02	5.214100e-02	5.122700e-02	5.032600e-02	
4.943600e-02	4.855700e-02	4.769000e-02	4.683400e-02	4.598900e-02	
4.515600e-02	4.433300e-02	4.352100e-02	4.272100e-02	4.193100e-02	
4.115100e-02	4.038300e-02	3.962500e-02	3.887800e-02	3.814200e-02	
3.741600e-02	3.670000e-02	3.599500e-02	3.530100e-02	3.461700e-02	
3.394300e-02	3.328000e-02	3.262800e-02	3.198600e-02	3.135500e-02	
3.073500e-02	3.012500e-02	2.952700e-02	2.894000e-02	2.836400e-02	
2.780000e-02	2.724700e-02	2.670600e-02	2.617800e-02	2.566200e-02	
2.515800e-02	2.466900e-02	2.419300e-02	2.373100e-02	2.328400e-02	
2.285300e-02	2.243800e-02	2.204000e-02	2.166100e-02	2.130000e-02	
2.096000e-02	2.064200e-02	2.034600e-02	2.007600e-02	1.983200e-02	
1.961700e-02	1.943300e-02	1.928300e-02	1.916900e-02	1.909500e-02	
1.906300e-02	1.907700e-02	1.914200e-02	1.926200e-02	1.944000e-02	
1.968200e-02	1.999300e-02	2.037700e-02	2.083800e-02	2.138200e-02	
2.201000e-02	2.272600e-02	2.353000e-02	2.442000e-02	2.538900e-02	
2.642600e-02	2.751300e-02	2.862400e-02	2.971800e-02	3.073800e-02	
3.160800e-02	3.222300e-02	3.244000e-02	3.207400e-02	3.088000e-02	
2.854800e-02	2.469400e-02	1.889000e-02	1.083300e-02	1.388000e-03	

7.465300e-02	7.336000e-02	7.208400e-02	7.082500e-02	6.958200e-02	
6.835600e-02	6.714600e-02	6.595200e-02	6.477400e-02	6.361200e-02	
6.246500e-02	6.133400e-02	6.021800e-02	5.911700e-02	5.803200e-02	
5.696100e-02	5.590500e-02	5.486300e-02	5.383600e-02	5.282300e-02	
5.182500e-02	5.084000e-02	4.987000e-02	4.891300e-02	4.797000e-02	
4.704100e-02	4.612500e-02	4.522400e-02	4.433500e-02	4.345900e-02	
4.259700e-02	4.174900e-02	4.091300e-02	4.009000e-02	3.928100e-02	
3.848500e-02	3.770100e-02	3.693100e-02	3.617400e-02	3.543000e-02	
3.470000e-02	3.398200e-02	3.327800e-02	3.258800e-02	3.191100e-02	
3.124800e-02	3.059800e-02	2.996400e-02	2.934300e-02	2.873700e-02	
2.814700e-02	2.757200e-02	2.701300e-02	2.647000e-02	2.594400e-02	
2.543700e-02	2.494700e-02	2.447700e-02	2.402700e-02	2.359800e-02	
2.319100e-02	2.280800e-02	2.245000e-02	2.211900e-02	2.181700e-02	
2.154500e-02	2.130500e-02	2.110100e-02	2.093400e-02	2.080900e-02	
2.072700e-02	2.069200e-02	2.070900e-02	2.078000e-02	2.091000e-02	
2.110400e-02	2.136500e-02	2.169700e-02	2.210500e-02	2.259100e-02	
2.315800e-02	2.380800e-02	2.453800e-02	2.534500e-02	2.622100e-02	
2.715300e-02	2.812200e-02	2.909700e-02	3.003600e-02	3.088200e-02	
3.155600e-02	3.195300e-02	3.193500e-02	3.132300e-02	2.988800e-02	
2.734400e-02	2.335700e-02	1.758200e-02	9.862800e-03	1.256100e-03	

8.551900e-02	8.397800e-02	8.245900e-02	8.096100e-02	7.948500e-02	
7.802800e-02	7.659200e-02	7.517700e-02	7.378100e-02	7.240500e-02	
7.104900e-02	6.971200e-02	6.839400e-02	6.709500e-02	6.581500e-02	
6.455300e-02	6.331000e-02	6.208500e-02	6.087800e-02	5.968900e-02	
5.851700e-02	5.736300e-02	5.622600e-02	5.510700e-02	5.400400e-02	
5.291800e-02	5.184900e-02	5.079700e-02	4.976100e-02	4.874200e-02	
4.773800e-02	4.675100e-02	4.578000e-02	4.482500e-02	4.388600e-02	
4.296200e-02	4.205500e-02	4.116300e-02	4.028700e-02	3.942700e-02	
3.858300e-02	3.775500e-02	3.694200e-02	3.614600e-02	3.536600e-02	
3.460100e-02	3.385400e-02	3.312300e-02	3.240900e-02	3.171100e-02	
3.103200e-02	3.037000e-02	2.972700e-02	2.910200e-02	2.849600e-02	
2.791000e-02	2.734500e-02	2.680200e-02	2.628000e-02	2.578200e-02	
2.530800e-02	2.486000e-02	2.443800e-02	2.404600e-02	2.368400e-02	
2.335400e-02	2.305800e-02	2.279900e-02	2.257900e-02	2.240200e-02	
2.226900e-02	2.218500e-02	2.215200e-02	2.217400e-02	2.225600e-02	
2.240000e-02	2.261000e-02	2.289100e-02	2.324400e-02	2.367300e-02	
2.417900e-02	2.476200e-02	2.541900e-02	2.614500e-02	2.693200e-02	
2.776300e-02	2.861700e-02	2.946300e-02	3.025700e-02	3.094100e-02	
3.143500e-02	3.163500e-02	3.140700e-02	3.058000e-02	2.893900e-02	
2.622400e-02	2.214300e-02	1.642500e-02	9.030700e-03	1.143800e-03	

9.659800e-02	9.479500e-02	9.302000e-02	9.126900e-02	8.954500e-02	
8.784600e-02	8.617200e-02	8.452300e-02	8.289900e-02	8.129800e-02	
7.972200e-02	7.816900e-02	7.664000e-02	7.513300e-02	7.365000e-02	
7.218900e-02	7.075000e-02	6.933400e-02	6.793900e-02	6.656600e-02	
6.521400e-02	6.388400e-02	6.257400e-02	6.128500e-02	6.001700e-02	
5.876900e-02	5.754100e-02	5.633300e-02	5.514500e-02	5.397700e-02	
5.282800e-02	5.169800e-02	5.058800e-02	4.949600e-02	4.842400e-02	
4.737000e-02	4.633600e-02	4.531900e-02	4.432200e-02	4.334300e-02	
4.238300e-02	4.144100e-02	4.051800e-02	3.961400e-02	3.872900e-02	
3.786200e-02	3.701400e-02	3.618600e-02	3.537700e-02	3.458700e-02	
3.381700e-02	3.306800e-02	3.233900e-02	3.163100e-02	3.094500e-02	
3.028000e-02	2.963900e-02	2.902100e-02	2.842800e-02	2.786000e-02	
2.731800e-02	2.680500e-02	2.632000e-02	2.586500e-02	2.544300e-02	
2.505500e-02	2.470300e-02	2.438900e-02	2.411600e-02	2.388600e-02	
2.370300e-02	2.356800e-02	2.348600e-02	2.345900e-02	2.349100e-02	
2.358500e-02	2.374500e-02	2.397400e-02	2.427300e-02	2.464500e-02	
2.509000e-02	2.560800e-02	2.619300e-02	2.684100e-02	2.754000e-02	
2.827400e-02	2.901900e-02	2.974400e-02	3.040200e-02	3.093400e-02	
3.126300e-02	3.128400e-02	3.086900e-02	2.985200e-02	2.803500e-02	
2.518000e-02	2.103600e-02	1.539300e-02	8.309400e-03	1.047000e-03	

1.078600e-01	1.057800e-01	1.037300e-01	1.017200e-01	9.973500e-02	
9.778200e-02	9.585900e-02	9.396500e-02	9.210100e-02	9.026600e-02	
8.846000e-02	8.668200e-02	8.493200e-02	8.321000e-02	8.151500e-02	
7.984700e-02	7.820500e-02	7.659000e-02	7.500100e-02	7.343800e-02	
7.189900e-02	7.038700e-02	6.889800e-02	6.743500e-02	6.599600e-02	
6.458100e-02	6.318900e-02	6.182200e-02	6.047700e-02	5.915600e-02	
5.785800e-02	5.658200e-02	5.532900e-02	5.409800e-02	5.289000e-02	
5.170300e-02	5.053900e-02	4.939600e-02	4.827400e-02	4.717500e-02	
4.609700e-02	4.504000e-02	4.400500e-02	4.299200e-02	4.200000e-02	
4.102900e-02	4.008000e-02	3.915300e-02	3.824800e-02	3.736500e-02	
3.650400e-02	3.566700e-02	3.485200e-02	3.406100e-02	3.329300e-02	
3.255000e-02	3.183200e-02	3.114000e-02	3.047500e-02	2.983700e-02	
2.922800e-02	2.864900e-02	2.810000e-02	2.758400e-02	2.710200e-02	
2.665600e-02	2.624800e-02	2.587900e-02	2.555200e-02	2.527000e-02	
2.503600e-02	2.485100e-02	2.471900e-02	2.464300e-02	2.462600e-02	
2.467100e-02	2.478100e-02	2.495800e-02	2.520400e-02	2.551900e-02	
2.590500e-02	2.635700e-02	2.687400e-02	2.744500e-02	2.806000e-02	
2.870000e-02	2.934200e-02	2.995200e-02	3.048300e-02	3.087500e-02	
3.105100e-02	3.091000e-02	3.032600e-02	2.914300e-02	2.717500e-02	
2.420800e-02	2.002400e-02	1.447000e-02	7.680000e-03	9.630300e-04	

1.192600e-01	1.169000e-01	1.145700e-01	1.122800e-01	1.100300e-01	
1.078100e-01	1.056300e-01	1.034800e-01	1.013700e-01	9.928800e-02	
9.724300e-02	9.523200e-02	9.325400e-02	9.130800e-02	8.939400e-02	
8.751200e-02	8.566100e-02	8.384000e-02	8.205100e-02	8.029200e-02	
7.856200e-02	7.686100e-02	7.519000e-02	7.354700e-02	7.193300e-02	
7.034600e-02	6.878700e-02	6.725600e-02	6.575200e-02	6.427500e-02	
6.282400e-02	6.139900e-02	6.000100e-02	5.862800e-02	5.728100e-02	
5.595900e-02	5.466300e-02	5.339100e-02	5.214400e-02	5.092200e-02	
4.972500e-02	4.855200e-02	4.740400e-02	4.628000e-02	4.518100e-02	
4.410500e-02	4.305500e-02	4.202800e-02	4.102700e-02	4.005000e-02	
3.909900e-02	3.817200e-02	3.727100e-02	3.639600e-02	3.554800e-02	
3.472600e-02	3.393200e-02	3.316600e-02	3.242800e-02	3.172100e-02	
3.104400e-02	3.040000e-02	2.978800e-02	2.921000e-02	2.866900e-02	
2.816500e-02	2.770000e-02	2.727700e-02	2.689800e-02	2.656400e-02	
2.627800e-02	2.604400e-02	2.586300e-02	2.573800e-02	2.567300e-02	
2.566900e-02	2.572900e-02	2.585500e-02	2.604700e-02	2.630800e-02	
2.663400e-02	2.702500e-02	2.747300e-02	2.797000e-02	2.850400e-02	
2.905600e-02	2.959900e-02	3.010000e-02	3.051200e-02	3.077400e-02	
3.080900e-02	3.052000e-02	2.978500e-02	2.845500e-02	2.635800e-02	
2.330000e-02	1.909500e-02	1.363800e-02	7.126200e-03	8.895400e-04	

1.307800e-01	1.281200e-01	1.255000e-01	1.229200e-01	1.203900e-01	
1.179000e-01	1.154500e-01	1.130400e-01	1.106700e-01	1.083400e-01	
1.060500e-01	1.038000e-01	1.015900e-01	9.941000e-02	9.727100e-02	
9.516900e-02	9.310300e-02	9.107300e-02	8.907800e-02	8.711800e-02	
8.519200e-02	8.330000e-02	8.144100e-02	7.961500e-02	7.782200e-02	
7.606100e-02	7.433200e-02	7.263400e-02	7.096700e-02	6.933100e-02	
6.772500e-02	6.614900e-02	6.460400e-02	6.308700e-02	6.160000e-02	
6.014100e-02	5.871100e-02	5.730900e-02	5.593600e-02	5.459100e-02	
5.327300e-02	5.198300e-02	5.072100e-02	4.948600e-02	4.827800e-02	
4.709800e-02	4.594500e-02	4.481900e-02	4.372100e-02	4.265100e-02	
4.160800e-02	4.059300e-02	3.960600e-02	3.864700e-02	3.771800e-02	
3.681800e-02	3.594700e-02	3.510700e-02	3.429900e-02	3.352200e-02	
3.277800e-02	3.206800e-02	3.139400e-02	3.075500e-02	3.015500e-02	
2.959300e-02	2.907300e-02	2.859600e-02	2.816400e-02	2.777900e-02	
2.744400e-02	2.716000e-02	2.693000e-02	2.675700e-02	2.664400e-02	
2.659100e-02	2.660200e-02	2.667800e-02	2.681900e-02	2.702500e-02	
2.729400e-02	2.762300e-02	2.800600e-02	2.843200e-02	2.888800e-02	
2.935400e-02	2.980400e-02	3.020100e-02	3.050000e-02	3.064100e-02	
3.054600e-02	3.012100e-02	2.924900e-02	2.778900e-02	2.557900e-02	
2.244700e-02	1.823600e-02	1.288100e-02	6.632200e-03	8.242900e-04	

1.424000e-01	1.394300e-01	1.365100e-01	1.336400e-01	1.308100e-01	
1.280400e-01	1.253100e-01	1.226300e-01	1.200000e-01	1.174100e-01	
1.148700e-01	1.123700e-01	1.099200e-01	1.075100e-01	1.051400e-01	
1.028100e-01	1.005200e-01	9.827800e-02	9.607300e-02	9.390700e-02	
9.178100e-02	8.969300e-02	8.764300e-02	8.563100e-02	8.365500e-02	
8.171700e-02	7.981400e-02	7.794700e-02	7.611500e-02	7.431800e-02	
7.255500e-02	7.082600e-02	6.913100e-02	6.746900e-02	6.584000e-02	
6.424300e-02	6.267800e-02	6.114600e-02	5.964400e-02	5.817500e-02	
5.673600e-02	5.532800e-02	5.395100e-02	5.260500e-02	5.128900e-02	
5.000300e-02	4.874800e-02	4.752300e-02	4.632800e-02	4.516400e-02	
4.403000e-02	4.292700e-02	4.185400e-02	4.081200e-02	3.980200e-02	
3.882400e-02	3.787800e-02	3.696500e-02	3.608500e-02	3.524000e-02	
3.442900e-02	3.365500e-02	3.291800e-02	3.221900e-02	3.156000e-02	
3.094200e-02	3.036700e-02	2.983700e-02	2.935300e-02	2.891700e-02	
2.853200e-02	2.820000e-02	2.792200e-02	2.770200e-02	2.754100e-02	
2.744100e-02	2.740400e-02	2.743000e-02	2.752000e-02	2.767300e-02	
2.788700e-02	2.815600e-02	2.847500e-02	2.883200e-02	2.921400e-02	
2.959800e-02	2.995900e-02	3.026000e-02	3.045300e-02	3.048100e-02	
3.026600e-02	2.971700e-02	2.872100e-02	2.714500e-02	2.484000e-02	
2.165000e-02	1.744400e-02	1.219400e-02	6.193000e-03	7.665600e-04	

1.541000e-01	1.508100e-01	1.475800e-01	1.444000e-01	1.412800e-01	
1.382200e-01	1.352100e-01	1.322500e-01	1.293400e-01	1.264900e-01	
1.236900e-01	1.209400e-01	1.182400e-01	1.155800e-01	1.129800e-01	
1.104200e-01	1.079100e-01	1.054500e-01	1.030300e-01	1.006500e-01	
9.832100e-02	9.603400e-02	9.379000e-02	9.158800e-02	8.942800e-02	
8.730900e-02	8.523000e-02	8.319200e-02	8.119200e-02	7.923200e-02	
7.731100e-02	7.542700e-02	7.358100e-02	7.177200e-02	7.000000e-02	
6.826400e-02	6.656400e-02	6.489900e-02	6.327000e-02	6.167500e-02	
6.011500e-02	5.858900e-02	5.709800e-02	5.563900e-02	5.421500e-02	
5.282400e-02	5.146700e-02	5.014200e-02	4.885100e-02	4.759300e-02	
4.636800e-02	4.517700e-02	4.401900e-02	4.289500e-02	4.180500e-02	
4.074900e-02	3.972800e-02	3.874200e-02	3.779200e-02	3.687900e-02	
3.600200e-02	3.516500e-02	3.436600e-02	3.360800e-02	3.289100e-02	
3.221700e-02	3.158800e-02	3.100500e-02	3.047000e-02	2.998400e-02	
2.955000e-02	2.917000e-02	2.884600e-02	2.857900e-02	2.837100e-02	
2.822500e-02	2.814000e-02	2.811800e-02	2.815900e-02	2.826000e-02	
2.841900e-02	2.863200e-02	2.888900e-02	2.918000e-02	2.949000e-02	
2.979600e-02	3.007300e-02	3.028200e-02	3.037700e-02	3.029800e-02	
2.997300e-02	2.931100e-02	2.820300e-02	2.652500e-02	2.413800e-02	
2.090200e-02	1.671100e-02	1.156800e-02	5.800400e-03	7.151800e-04	

1.658500e-01	1.622300e-01	1.586800e-01	1.552000e-01	1.517700e-01	
1.484100e-01	1.451100e-01	1.418700e-01	1.386900e-01	1.355600e-01	
1.325000e-01	1.294900e-01	1.265400e-01	1.236400e-01	1.207900e-01	
1.180000e-01	1.152600e-01	1.125700e-01	1.099300e-01	1.073500e-01	
1.048100e-01	1.023200e-01	9.987900e-02	9.748500e-02	9.513800e-02	
9.283600e-02	9.057900e-02	8.836800e-02	8.620000e-02	8.407500e-02	
8.199400e-02	7.995400e-02	7.795600e-02	7.600000e-02	7.408400e-02	
7.220800e-02	7.037100e-02	6.857400e-02	6.681600e-02	6.509600e-02	
6.341500e-02	6.177000e-02	6.016400e-02	5.859400e-02	5.706200e-02	
5.556500e-02	5.410600e-02	5.268200e-02	5.129500e-02	4.994400e-02	
4.862900e-02	4.735100e-02	4.610800e-02	4.490200e-02	4.373200e-02	
4.259900e-02	4.150400e-02	4.044600e-02	3.942700e-02	3.844600e-02	
3.750500e-02	3.660400e-02	3.574500e-02	3.492800e-02	3.415400e-02	
3.342500e-02	3.274300e-02	3.210800e-02	3.152200e-02	3.098800e-02	
3.050600e-02	3.007900e-02	2.970900e-02	2.939600e-02	2.914300e-02	
2.895100e-02	2.882000e-02	2.875100e-02	2.874300e-02	2.879400e-02	
2.890100e-02	2.905700e-02	2.925500e-02	2.948200e-02	2.972300e-02	
2.995600e-02	3.015200e-02	3.027400e-02	3.027600e-02	3.009900e-02	
2.967200e-02	2.890500e-02	2.769700e-02	2.592700e-02	2.347000e-02	
2.019900e-02	1.603100e-02	1.099500e-02	5.446600e-03	6.690700e-04	

1.776500e-01	1.737000e-01	1.698200e-01	1.660200e-01	1.622800e-01	
1.586200e-01	1.550200e-01	1.514900e-01	1.480200e-01	1.446200e-01	
1.412900e-01	1.380100e-01	1.348000e-01	1.316500e-01	1.285600e-01	
1.255300e-01	1.225600e-01	1.196500e-01	1.167900e-01	1.139900e-01	
1.112400e-01	1.085500e-01	1.059100e-01	1.033200e-01	1.007800e-01	
9.829400e-02	9.585800e-02	9.347200e-02	9.113400e-02	8.884400e-02	
8.660100e-02	8.440400e-02	8.225400e-02	8.014900e-02	7.808800e-02	
7.607200e-02	7.409900e-02	7.216900e-02	7.028200e-02	6.843700e-02	
6.663400e-02	6.487100e-02	6.315000e-02	6.146900e-02	5.982800e-02	
5.822700e-02	5.666600e-02	5.514400e-02	5.366200e-02	5.221800e-02	
5.081400e-02	4.944800e-02	4.812100e-02	4.683400e-02	4.558600e-02	
4.437700e-02	4.320800e-02	4.207900e-02	4.099100e-02	3.994400e-02	
3.893900e-02	3.797600e-02	3.705700e-02	3.618200e-02	3.535200e-02	
3.457000e-02	3.383500e-02	3.314900e-02	3.251400e-02	3.193200e-02	
3.140300e-02	3.093000e-02	3.051400e-02	3.015600e-02	2.985900e-02	
2.962200e-02	2.944600e-02	2.933100e-02	2.927600e-02	2.927800e-02	
2.933400e-02	2.943600e-02	2.957700e-02	2.974300e-02	2.991800e-02	
3.008000e-02	3.020000e-02	3.024000e-02	3.015500e-02	2.988700e-02	
2.936400e-02	2.850200e-02	2.720200e-02	2.535200e-02	2.283400e-02	
1.953800e-02	1.539800e-02	1.046900e-02	5.127400e-03	6.276400e-04	

1.894800e-01	1.851900e-01	1.809800e-01	1.768400e-01	1.727900e-01	
1.688100e-01	1.649100e-01	1.610900e-01	1.573300e-01	1.536500e-01	
1.500400e-01	1.465000e-01	1.430300e-01	1.396200e-01	1.362900e-01	
1.330100e-01	1.298100e-01	1.266600e-01	1.235800e-01	1.205600e-01	
1.176000e-01	1.147000e-01	1.118600e-01	1.090700e-01	1.063400e-01	
1.036700e-01	1.010500e-01	9.849200e-02	9.598300e-02	9.352600e-02	
9.112100e-02	8.876700e-02	8.646300e-02	8.420900e-02	8.200400e-02	
7.984600e-02	7.773700e-02	7.567400e-02	7.365800e-02	7.168800e-02	
6.976300e-02	6.788300e-02	6.604800e-02	6.425600e-02	6.250800e-02	
6.080200e-02	5.914000e-02	5.752100e-02	5.594300e-02	5.440800e-02	
5.291500e-02	5.146300e-02	5.005400e-02	4.868600e-02	4.736000e-02	
4.607600e-02	4.483500e-02	4.363600e-02	4.248000e-02	4.136800e-02	
4.030000e-02	3.927600e-02	3.829800e-02	3.736600e-02	3.648200e-02	
3.564600e-02	3.486000e-02	3.412500e-02	3.344200e-02	3.281200e-02	
3.223800e-02	3.172000e-02	3.126000e-02	3.085900e-02	3.051800e-02	
3.023700e-02	3.001800e-02	2.985900e-02	2.975800e-02	2.971300e-02	
2.971900e-02	2.977000e-02	2.985500e-02	2.996300e-02	3.007600e-02	
3.017000e-02	3.021800e-02	3.018200e-02	3.001600e-02	2.966200e-02	
2.905200e-02	2.810400e-02	2.672200e-02	2.480200e-02	2.223400e-02	
1.892100e-02	1.481500e-02	9.990600e-03	4.841800e-03	5.907400e-04	

2.013200e-01	1.966800e-01	1.921300e-01	1.876700e-01	1.833000e-01	
1.790000e-01	1.747900e-01	1.706700e-01	1.666200e-01	1.626600e-01	
1.587700e-01	1.549600e-01	1.512200e-01	1.475600e-01	1.439700e-01	
1.404500e-01	1.370100e-01	1.336300e-01	1.303300e-01	1.270900e-01	
1.239100e-01	1.208000e-01	1.177600e-01	1.147700e-01	1.118500e-01	
1.090000e-01	1.062000e-01	1.034600e-01	1.007800e-01	9.815200e-02	
9.558400e-02	9.307200e-02	9.061500e-02	8.821100e-02	8.586100e-02	
8.356300e-02	8.131700e-02	7.912200e-02	7.697700e-02	7.488200e-02	
7.283600e-02	7.083900e-02	6.888900e-02	6.698700e-02	6.513200e-02	
6.332300e-02	6.156000e-02	5.984300e-02	5.817200e-02	5.654500e-02	
5.496400e-02	5.342700e-02	5.193500e-02	5.048800e-02	4.908500e-02	
4.772700e-02	4.641400e-02	4.514600e-02	4.392300e-02	4.274600e-02	
4.161600e-02	4.053200e-02	3.949600e-02	3.850800e-02	3.757000e-02	
3.668200e-02	3.584500e-02	3.506100e-02	3.433000e-02	3.365500e-02	
3.303500e-02	3.247300e-02	3.197000e-02	3.152600e-02	3.114200e-02	
3.081900e-02	3.055700e-02	3.035400e-02	3.020900e-02	3.011700e-02	
3.007600e-02	3.007600e-02	3.010800e-02	3.015900e-02	3.021100e-02	
3.024100e-02	3.022000e-02	3.011000e-02	2.986600e-02	2.943200e-02	
2.874000e-02	2.771000e-02	2.625200e-02	2.426800e-02	2.165500e-02	
1.833100e-02	1.426100e-02	9.540000e-03	4.575700e-03	5.564300e-04	

2.131800e-01	2.081900e-01	2.032900e-01	1.985000e-01	1.937900e-01	
1.891800e-01	1.846600e-01	1.802400e-01	1.759000e-01	1.716400e-01	
1.674700e-01	1.633900e-01	1.593900e-01	1.554700e-01	1.516300e-01	
1.478700e-01	1.441800e-01	1.405700e-01	1.370400e-01	1.335800e-01	
1.301900e-01	1.268700e-01	1.236200e-01	1.204400e-01	1.173300e-01	
1.142800e-01	1.113000e-01	1.083800e-01	1.055300e-01	1.027400e-01	
1.000100e-01	9.733600e-02	9.472400e-02	9.217200e-02	8.967700e-02	
8.723800e-02	8.485500e-02	8.252800e-02	8.025500e-02	7.803500e-02	
7.586800e-02	7.375300e-02	7.169000e-02	6.967700e-02	6.771500e-02	
6.580300e-02	6.394000e-02	6.212600e-02	6.036100e-02	5.864400e-02	
5.697500e-02	5.535400e-02	5.378000e-02	5.225300e-02	5.077400e-02	
4.934200e-02	4.795800e-02	4.662100e-02	4.533200e-02	4.409200e-02	
4.289900e-02	4.175600e-02	4.066300e-02	3.962000e-02	3.862800e-02	
3.768800e-02	3.680100e-02	3.596800e-02	3.519100e-02	3.447000e-02	
3.380600e-02	3.320000e-02	3.265400e-02	3.216800e-02	3.174200e-02	
3.137700e-02	3.107200e-02	3.082700e-02	3.063700e-02	3.050100e-02	
3.041200e-02	3.036300e-02	3.034300e-02	3.033800e-02	3.033100e-02	
3.029800e-02	3.021000e-02	3.002800e-02	2.971000e-02	2.919700e-02	
2.842600e-02	2.731900e-02	2.579000e-02	2.374400e-02	2.109200e-02	
1.775900e-02	1.372700e-02	9.109100e-03	4.323100e-03	5.239500e-04	

2.250300e-01	2.196900e-01	2.144500e-01	2.093200e-01	2.042900e-01	
1.993600e-01	1.945300e-01	1.898000e-01	1.851700e-01	1.806300e-01	
1.761800e-01	1.718200e-01	1.675600e-01	1.633800e-01	1.592800e-01	
1.552800e-01	1.513500e-01	1.475100e-01	1.437500e-01	1.400700e-01	
1.364600e-01	1.329300e-01	1.294800e-01	1.261000e-01	1.228000e-01	
1.195600e-01	1.164000e-01	1.133100e-01	1.102800e-01	1.073200e-01	
1.044300e-01	1.016000e-01	9.883400e-02	9.613200e-02	9.349200e-02	
9.091300e-02	8.839400e-02	8.593400e-02	8.353200e-02	8.118700e-02	
7.889900e-02	7.666700e-02	7.449000e-02	7.236700e-02	7.029900e-02	
6.828300e-02	6.632100e-02	6.441000e-02	6.255100e-02	6.074300e-02	
5.898700e-02	5.728100e-02	5.562400e-02	5.401900e-02	5.246300e-02	
5.095800e-02	4.950200e-02	4.809600e-02	4.674100e-02	4.543700e-02	
4.418300e-02	4.298000e-02	4.182900e-02	4.073100e-02	3.968500e-02	
3.869400e-02	3.775700e-02	3.687600e-02	3.605200e-02	3.528500e-02	
3.457600e-02	3.392700e-02	3.333800e-02	3.281000e-02	3.234200e-02	
3.193500e-02	3.158800e-02	3.130000e-02	3.106600e-02	3.088400e-02	
3.074800e-02	3.064900e-02	3.057800e-02	3.051700e-02	3.045100e-02	
3.035500e-02	3.019900e-02	2.994700e-02	2.955300e-02	2.896300e-02	
2.811300e-02	2.692800e-02	2.532700e-02	2.322100e-02	2.052800e-02	
1.718700e-02	1.319400e-02	8.678100e-03	4.070600e-03	4.914700e-04	

2.368800e-01	2.311900e-01	2.256100e-01	2.201500e-01	2.147900e-01	
2.095400e-01	2.044000e-01	1.993700e-01	1.944400e-01	1.896100e-01	
1.848900e-01	1.802600e-01	1.757200e-01	1.712900e-01	1.669400e-01	
1.626900e-01	1.585200e-01	1.544500e-01	1.504600e-01	1.465600e-01	
1.427400e-01	1.390000e-01	1.353400e-01	1.317700e-01	1.282700e-01	
1.248500e-01	1.215000e-01	1.182300e-01	1.150300e-01	1.119100e-01	
1.088500e-01	1.058600e-01	1.029400e-01	1.000900e-01	9.730800e-02	
9.458800e-02	9.193200e-02	8.934000e-02	8.680900e-02	8.433900e-02	
8.193100e-02	7.958100e-02	7.729000e-02	7.505700e-02	7.288200e-02	
7.076300e-02	6.870100e-02	6.669300e-02	6.474000e-02	6.284200e-02	
6.099800e-02	5.920700e-02	5.746900e-02	5.578500e-02	5.415300e-02	
5.257300e-02	5.104600e-02	4.957200e-02	4.815100e-02	4.678200e-02	
4.546600e-02	4.420400e-02	4.299600e-02	4.184200e-02	4.074300e-02	
3.970000e-02	3.871300e-02	3.778300e-02	3.691200e-02	3.610000e-02	
3.534700e-02	3.465400e-02	3.402200e-02	3.345100e-02	3.294200e-02	
3.249300e-02	3.210400e-02	3.177200e-02	3.149500e-02	3.126800e-02	
3.108500e-02	3.093600e-02	3.081200e-02	3.069700e-02	3.057100e-02	
3.041200e-02	3.018900e-02	2.986500e-02	2.939700e-02	2.872900e-02	
2.779900e-02	2.653700e-02	2.486400e-02	2.269800e-02	1.996500e-02	
1.661600e-02	1.266100e-02	8.247200e-03	3.818000e-03	4.589900e-04	

2.487400e-01	2.426900e-01	2.367700e-01	2.309700e-01	2.252800e-01	
2.197200e-01	2.142700e-01	2.089400e-01	2.037100e-01	1.986000e-01	
1.935900e-01	1.886900e-01	1.838900e-01	1.791900e-01	1.746000e-01	
1.701000e-01	1.656900e-01	1.613900e-01	1.571700e-01	1.530500e-01	
1.490100e-01	1.450700e-01	1.412100e-01	1.374300e-01	1.337400e-01	
1.301300e-01	1.266000e-01	1.231600e-01	1.197800e-01	1.164900e-01	
1.132700e-01	1.101300e-01	1.070500e-01	1.040500e-01	1.011200e-01	
9.826200e-02	9.547000e-02	9.274500e-02	9.008600e-02	8.749200e-02	
8.496200e-02	8.249500e-02	8.009100e-02	7.774700e-02	7.546600e-02	
7.324300e-02	7.108100e-02	6.897700e-02	6.693000e-02	6.494100e-02	
6.300900e-02	6.113400e-02	5.931400e-02	5.755100e-02	5.584200e-02	
5.418900e-02	5.259100e-02	5.104700e-02	4.956000e-02	4.812800e-02	
4.675000e-02	4.542800e-02	4.416200e-02	4.295300e-02	4.180000e-02	
4.070600e-02	3.967000e-02	3.869100e-02	3.777300e-02	3.691500e-02	
3.611700e-02	3.538100e-02	3.470600e-02	3.409300e-02	3.354200e-02	
3.305100e-02	3.261900e-02	3.224500e-02	3.192400e-02	3.165100e-02	
3.142100e-02	3.122300e-02	3.104700e-02	3.087600e-02	3.069100e-02	
3.046900e-02	3.017900e-02	2.978300e-02	2.924000e-02	2.849400e-02	
2.748600e-02	2.614600e-02	2.440100e-02	2.217500e-02	1.940100e-02	
1.604400e-02	1.212700e-02	7.816200e-03	3.565500e-03	4.265100e-04	

2.605900e-01	2.541900e-01	2.479300e-01	2.418000e-01	2.357800e-01	
2.299000e-01	2.241400e-01	2.185100e-01	2.129900e-01	2.075900e-01	
2.023000e-01	1.971200e-01	1.920600e-01	1.871000e-01	1.822500e-01	
1.775100e-01	1.728700e-01	1.683200e-01	1.638800e-01	1.595400e-01	
1.552900e-01	1.511300e-01	1.470700e-01	1.431000e-01	1.392100e-01	
1.354200e-01	1.317100e-01	1.280800e-01	1.245400e-01	1.210700e-01	
1.176900e-01	1.143900e-01	1.111600e-01	1.080100e-01	1.049400e-01	
1.019400e-01	9.900800e-02	9.615100e-02	9.336300e-02	9.064400e-02	
8.799300e-02	8.540900e-02	8.289100e-02	8.043800e-02	7.805000e-02	
7.572300e-02	7.346100e-02	7.126000e-02	6.912000e-02	6.704000e-02	
6.502100e-02	6.306100e-02	6.115800e-02	5.931600e-02	5.753100e-02	
5.580400e-02	5.413500e-02	5.252300e-02	5.096900e-02	4.947300e-02	
4.803300e-02	4.665200e-02	4.532900e-02	4.406400e-02	4.285800e-02	
4.171300e-02	4.062600e-02	3.959900e-02	3.863300e-02	3.773000e-02	
3.688800e-02	3.610800e-02	3.539100e-02	3.473500e-02	3.414100e-02	
3.360800e-02	3.313500e-02	3.271800e-02	3.235300e-02	3.203500e-02	
3.175700e-02	3.151000e-02	3.128200e-02	3.105500e-02	3.081100e-02	
3.052600e-02	3.016800e-02	2.970200e-02	2.908400e-02	2.826000e-02	
2.717300e-02	2.575500e-02	2.393800e-02	2.165100e-02	1.883800e-02	
1.547200e-02	1.159400e-02	7.385200e-03	3.312900e-03	3.940300e-04	

2.724400e-01	2.656900e-01	2.590900e-01	2.526200e-01	2.462800e-01	
2.400800e-01	2.340100e-01	2.280700e-01	2.222600e-01	2.165700e-01	
2.110100e-01	2.055600e-01	2.002300e-01	1.950100e-01	1.899100e-01	
1.849200e-01	1.800400e-01	1.752600e-01	1.705900e-01	1.660300e-01	
1.615600e-01	1.572000e-01	1.529300e-01	1.487600e-01	1.446800e-01	
1.407000e-01	1.368100e-01	1.330000e-01	1.292900e-01	1.256600e-01	
1.221100e-01	1.186500e-01	1.152700e-01	1.119700e-01	1.087500e-01	
1.056100e-01	1.025500e-01	9.955700e-02	9.664000e-02	9.379600e-02	
9.102500e-02	8.832300e-02	8.569200e-02	8.312800e-02	8.063300e-02	
7.820400e-02	7.584100e-02	7.354300e-02	7.130900e-02	6.913900e-02	
6.703200e-02	6.498700e-02	6.300300e-02	6.108200e-02	5.922000e-02	
5.742000e-02	5.567900e-02	5.399800e-02	5.237800e-02	5.081800e-02	
4.931700e-02	4.787600e-02	4.649500e-02	4.517500e-02	4.391600e-02	
4.271900e-02	4.158200e-02	4.050600e-02	3.949400e-02	3.854500e-02	
3.765800e-02	3.683500e-02	3.607500e-02	3.537700e-02	3.474100e-02	
3.416600e-02	3.365100e-02	3.319100e-02	3.278200e-02	3.241800e-02	
3.209400e-02	3.179600e-02	3.151600e-02	3.123400e-02	3.093100e-02	
3.058300e-02	3.015800e-02	2.962000e-02	2.892700e-02	2.802600e-02	
2.685900e-02	2.536500e-02	2.347600e-02	2.112800e-02	1.827500e-02	
1.490100e-02	1.106000e-02	6.954300e-03	3.060400e-03	3.615500e-04	

2.843000e-01	2.771900e-01	2.702500e-01	2.634500e-01	2.567800e-01	
2.502600e-01	2.438800e-01	2.376400e-01	2.315300e-01	2.255600e-01	
2.197100e-01	2.139900e-01	2.084000e-01	2.029200e-01	1.975700e-01	
1.923300e-01	1.872100e-01	1.822000e-01	1.773000e-01	1.725200e-01	
1.678400e-01	1.632600e-01	1.587900e-01	1.544200e-01	1.501600e-01	
1.459900e-01	1.419100e-01	1.379300e-01	1.340400e-01	1.302400e-01	
1.265400e-01	1.229200e-01	1.193800e-01	1.159400e-01	1.125700e-01	
1.092900e-01	1.060800e-01	1.029600e-01	9.991700e-02	9.694900e-02	
9.405600e-02	9.123800e-02	8.849200e-02	8.581800e-02	8.321700e-02	
8.068400e-02	7.822200e-02	7.582700e-02	7.349900e-02	7.123800e-02	
6.904300e-02	6.691400e-02	6.484800e-02	6.284800e-02	6.091000e-02	
5.903500e-02	5.722300e-02	5.547300e-02	5.378700e-02	5.216400e-02	
5.060100e-02	4.910000e-02	4.766200e-02	4.628600e-02	4.497300e-02	
4.372500e-02	4.253800e-02	4.141400e-02	4.035500e-02	3.936000e-02	
3.842900e-02	3.756200e-02	3.675900e-02	3.601900e-02	3.534100e-02	
3.472400e-02	3.416600e-02	3.366400e-02	3.321100e-02	3.280200e-02	
3.243000e-02	3.208300e-02	3.175100e-02	3.141300e-02	3.105100e-02	
3.064000e-02	3.014800e-02	2.953800e-02	2.877100e-02	2.779100e-02	
2.654600e-02	2.497400e-02	2.301300e-02	2.060500e-02	1.771100e-02	
1.432900e-02	1.052700e-02	6.523300e-03	2.807800e-03	3.290700e-04	

2.961500e-01	2.886900e-01	2.814000e-01	2.742700e-01	2.672700e-01	
2.604400e-01	2.537400e-01	2.472100e-01	2.408100e-01	2.345400e-01	
2.284200e-01	2.224200e-01	2.165600e-01	2.108300e-01	2.052200e-01	
1.997400e-01	1.943800e-01	1.891400e-01	1.840200e-01	1.790100e-01	
1.741100e-01	1.693300e-01	1.646600e-01	1.600900e-01	1.556300e-01	
1.512700e-01	1.470100e-01	1.428500e-01	1.387900e-01	1.348300e-01	
1.309600e-01	1.271800e-01	1.234900e-01	1.199000e-01	1.163900e-01	
1.129600e-01	1.096200e-01	1.063700e-01	1.031900e-01	1.001000e-01	
9.708800e-02	9.415200e-02	9.129200e-02	8.850800e-02	8.580100e-02	
8.316400e-02	8.060200e-02	7.811000e-02	7.568800e-02	7.333700e-02	
7.105500e-02	6.884000e-02	6.669200e-02	6.461300e-02	6.259900e-02	
6.065100e-02	5.876700e-02	5.694900e-02	5.519700e-02	5.350900e-02	
5.188400e-02	5.032400e-02	4.882800e-02	4.739800e-02	4.603100e-02	
4.473100e-02	4.349400e-02	4.232100e-02	4.121500e-02	4.017600e-02	
3.919900e-02	3.828900e-02	3.744300e-02	3.666100e-02	3.594100e-02	
3.528200e-02	3.468200e-02	3.413700e-02	3.364000e-02	3.318500e-02	
3.276600e-02	3.237000e-02	3.198600e-02	3.159200e-02	3.117100e-02	
3.069700e-02	3.013800e-02	2.945700e-02	2.861400e-02	2.755700e-02	
2.623200e-02	2.458300e-02	2.255000e-02	2.008200e-02	1.714800e-02	
1.375700e-02	9.993500e-03	6.092400e-03	2.555300e-03	2.965900e-04	
