-3.000000e+00   -2.969741e+00   -2.939482e+00   -2.909223e+00   -2.878964e+00 
-2.848705e+00   -2.818446e+00   -2.788187e+00   -2.757928e+00   -2.727670e+00   
-2.697411e+00   -2.667152e+00   -2.636893e+00   -2.606634e+00   -2.576375e+00   
-2.546116e+00   -2.515857e+00   -2.485598e+00   -2.455339e+00   -2.425080e+00   
-2.394821e+00   -2.364562e+00   -2.334303e+00   -2.304044e+00   -2.273785e+00   
-2.243526e+00   -2.213268e+00   -2.183009e+00   -2.152750e+00   -2.122491e+00   
-2.092232e+00   -2.061973e+00   -2.031714e+00   -2.001455e+00   -1.971196e+00   
-1.940937e+00   -1.910678e+00   -1.880419e+00   -1.850160e+00   -1.819901e+00   
-1.789642e+00   -1.759383e+00   -1.729124e+00   -1.698866e+00   -1.668607e+00   
-1.638348e+00   -1.608089e+00   -1.577830e+00   -1.547571e+00   -1.517312e+00   
-1.487053e+00   -1.456794e+00   -1.426535e+00   -1.396276e+00   -1.366017e+00   
-1.335758e+00   -1.305499e+00   -1.275240e+00   -1.244981e+00   -1.214722e+00   
-1.184464e+00   -1.154205e+00   -1.123946e+00   -1.093687e+00   -1.063428e+00   
-1.033169e+00   -1.002910e+00   -9.726509e-01   -9.423920e-01   -9.121330e-01   
-8.818741e-01   -8.516152e-01   -8.213562e-01   -7.910973e-01   -7.608383e-01   
-7.305794e-01   -7.003205e-01   -6.700615e-01   -6.398026e-01   -6.095436e-01   
-5.792847e-01   -5.490257e-01   -5.187668e-01   -4.885079e-01   -4.582489e-01   
-4.279900e-01   -3.977310e-01   -3.674721e-01   -3.372132e-01   -3.069542e-01   
-2.766953e-01   -2.464363e-01   -2.161774e-01   -1.859185e-01   -1.556595e-01   
-1.254006e-01   -9.514163e-02   -6.488269e-02   -3.462375e-02   -4.364805e-03

1.000000e+00	1.426867e+00	2.035949e+00	2.905029e+00	4.145090e+00	
5.914492e+00	8.439194e+00	1.204161e+01	1.718177e+01	2.451610e+01	
3.498122e+01	4.991354e+01	7.121999e+01	1.016215e+02	1.450003e+02	
2.068961e+02	2.952133e+02	4.212301e+02	6.010393e+02	8.576031e+02	
1.223686e+03	1.746037e+03	2.491362e+03	3.554842e+03	5.072287e+03	
7.237479e+03	1.032692e+04	1.473514e+04	2.102509e+04	3.000000e+04	

-1.978500e-02	-1.962900e-02	-1.947200e-02	-1.931400e-02	-1.915600e-02	
-1.899800e-02	-1.883900e-02	-1.867900e-02	-1.851900e-02	-1.835800e-02	
-1.819600e-02	-1.803300e-02	-1.787100e-02	-1.770700e-02	-1.754300e-02	
-1.737900e-02	-1.721300e-02	-1.704800e-02	-1.688100e-02	-1.671500e-02	
-1.654800e-02	-1.638000e-02	-1.621200e-02	-1.604300e-02	-1.587400e-02	
-1.570400e-02	-1.553400e-02	-1.536200e-02	-1.519100e-02	-1.501900e-02	
-1.484600e-02	-1.467300e-02	-1.449900e-02	-1.432500e-02	-1.414900e-02	
-1.397200e-02	-1.379600e-02	-1.361700e-02	-1.343800e-02	-1.325800e-02	
-1.307500e-02	-1.289200e-02	-1.270700e-02	-1.252000e-02	-1.233000e-02	
-1.213900e-02	-1.194400e-02	-1.174700e-02	-1.154600e-02	-1.134100e-02	
-1.113100e-02	-1.091600e-02	-1.069500e-02	-1.046800e-02	-1.023300e-02	
-9.990700e-03	-9.738600e-03	-9.475900e-03	-9.201300e-03	-8.913400e-03	
-8.610500e-03	-8.290800e-03	-7.952200e-03	-7.592500e-03	-7.209100e-03	
-6.799100e-03	-6.359400e-03	-5.886800e-03	-5.377000e-03	-4.826200e-03	
-4.229900e-03	-3.582800e-03	-2.878800e-03	-2.112400e-03	-1.276800e-03	
-3.643300e-04	6.326400e-04	1.722400e-03	2.914700e-03	4.219200e-03	
5.645500e-03	7.204700e-03	8.907500e-03	1.076600e-02	1.279000e-02	
1.499200e-02	1.737700e-02	1.995500e-02	2.273300e-02	2.569800e-02	
2.884000e-02	3.213600e-02	3.553900e-02	3.895400e-02	4.224200e-02	
4.514500e-02	4.718800e-02	4.737000e-02	4.309000e-02	6.104300e-03	

-1.220400e-02	-1.210500e-02	-1.200500e-02	-1.190600e-02	-1.180600e-02	
-1.170500e-02	-1.160500e-02	-1.150300e-02	-1.140200e-02	-1.130000e-02	
-1.119800e-02	-1.109500e-02	-1.099300e-02	-1.088900e-02	-1.078500e-02	
-1.068200e-02	-1.057700e-02	-1.047300e-02	-1.036700e-02	-1.026200e-02	
-1.015600e-02	-1.005000e-02	-9.943200e-03	-9.835900e-03	-9.728500e-03	
-9.620400e-03	-9.512100e-03	-9.402800e-03	-9.293100e-03	-9.182900e-03	
-9.072200e-03	-8.960600e-03	-8.848600e-03	-8.735400e-03	-8.621200e-03	
-8.506100e-03	-8.390200e-03	-8.272600e-03	-8.154000e-03	-8.033800e-03	
-7.911700e-03	-7.787800e-03	-7.662000e-03	-7.533500e-03	-7.402500e-03	
-7.268700e-03	-7.131500e-03	-6.990500e-03	-6.845400e-03	-6.695700e-03	
-6.540500e-03	-6.379500e-03	-6.212200e-03	-6.037300e-03	-5.854300e-03	
-5.662200e-03	-5.459700e-03	-5.245800e-03	-5.019100e-03	-4.778100e-03	
-4.521100e-03	-4.246400e-03	-3.951900e-03	-3.635400e-03	-3.294400e-03	
-2.926200e-03	-2.527800e-03	-2.095900e-03	-1.626700e-03	-1.116400e-03	
-5.608400e-04	4.493700e-05	7.062800e-04	1.428500e-03	2.217700e-03	
3.080600e-03	4.024100e-03	5.055400e-03	6.182700e-03	7.414200e-03	
8.758000e-03	1.022300e-02	1.181700e-02	1.354900e-02	1.542700e-02	
1.745600e-02	1.963900e-02	2.197800e-02	2.447200e-02	2.710300e-02	
2.985000e-02	3.267800e-02	3.552500e-02	3.828400e-02	4.079600e-02	
4.278800e-02	4.377200e-02	4.276000e-02	3.720800e-02	5.230800e-03	

-4.616700e-03	-4.575100e-03	-4.533500e-03	-4.491700e-03	-4.449800e-03	
-4.407900e-03	-4.365800e-03	-4.323600e-03	-4.281300e-03	-4.238800e-03	
-4.196300e-03	-4.153600e-03	-4.110800e-03	-4.067800e-03	-4.024700e-03	
-3.981400e-03	-3.937900e-03	-3.894200e-03	-3.850300e-03	-3.806200e-03	
-3.761800e-03	-3.717200e-03	-3.672200e-03	-3.626900e-03	-3.581200e-03	
-3.535200e-03	-3.488600e-03	-3.441600e-03	-3.394000e-03	-3.345800e-03	
-3.296900e-03	-3.247300e-03	-3.196700e-03	-3.145300e-03	-3.092800e-03	
-3.039100e-03	-2.984100e-03	-2.927700e-03	-2.869600e-03	-2.809700e-03	
-2.747800e-03	-2.683700e-03	-2.617000e-03	-2.547500e-03	-2.475000e-03	
-2.398900e-03	-2.319000e-03	-2.234800e-03	-2.145800e-03	-2.051400e-03	
-1.951200e-03	-1.844300e-03	-1.730100e-03	-1.607700e-03	-1.476300e-03	
-1.334800e-03	-1.182100e-03	-1.017100e-03	-8.382500e-04	-6.442100e-04	
-4.332600e-04	-2.036500e-04	4.668000e-05	3.198500e-04	6.183400e-04	
9.447100e-04	1.301900e-03	1.693000e-03	2.121500e-03	2.591100e-03	
3.105900e-03	3.670300e-03	4.288900e-03	4.966900e-03	5.709600e-03	
6.522900e-03	7.412700e-03	8.385600e-03	9.447800e-03	1.060600e-02	
1.186700e-02	1.323800e-02	1.472400e-02	1.633000e-02	1.806000e-02	
1.991600e-02	2.189800e-02	2.399800e-02	2.620700e-02	2.850500e-02	
3.085800e-02	3.321800e-02	3.550800e-02	3.761200e-02	3.935000e-02	
4.043100e-02	4.035800e-02	3.815500e-02	3.133500e-02	4.358600e-03	

3.625600e-03	3.587200e-03	3.548900e-03	3.510800e-03	3.472800e-03	
3.434900e-03	3.397300e-03	3.359800e-03	3.322500e-03	3.285400e-03	
3.248500e-03	3.211900e-03	3.175500e-03	3.139300e-03	3.103400e-03	
3.067900e-03	3.032600e-03	2.997700e-03	2.963200e-03	2.929100e-03	
2.895400e-03	2.862100e-03	2.829400e-03	2.797300e-03	2.765700e-03	
2.734800e-03	2.704700e-03	2.675300e-03	2.646700e-03	2.619100e-03	
2.592500e-03	2.567000e-03	2.542800e-03	2.519800e-03	2.498400e-03	
2.478500e-03	2.460500e-03	2.444300e-03	2.430400e-03	2.418700e-03	
2.409700e-03	2.403500e-03	2.400400e-03	2.400800e-03	2.405000e-03	
2.413300e-03	2.426300e-03	2.444400e-03	2.468000e-03	2.497900e-03	
2.534500e-03	2.578600e-03	2.631000e-03	2.692500e-03	2.764000e-03	
2.846600e-03	2.941300e-03	3.049500e-03	3.172400e-03	3.311600e-03	
3.468700e-03	3.645400e-03	3.843800e-03	4.065900e-03	4.314100e-03	
4.590900e-03	4.899100e-03	5.241600e-03	5.621700e-03	6.043000e-03	
6.509100e-03	7.024100e-03	7.592300e-03	8.218200e-03	8.906700e-03	
9.662800e-03	1.049200e-02	1.139900e-02	1.238900e-02	1.346800e-02	
1.464100e-02	1.591200e-02	1.728500e-02	1.876200e-02	2.034400e-02	
2.202900e-02	2.381200e-02	2.568100e-02	2.762000e-02	2.960200e-02	
3.158600e-02	3.351400e-02	3.529800e-02	3.681300e-02	3.786700e-02	
3.816300e-02	3.720400e-02	3.405700e-02	2.640100e-02	3.631100e-03	

1.278700e-02	1.263400e-02	1.248200e-02	1.233000e-02	1.217900e-02	
1.202900e-02	1.187900e-02	1.173100e-02	1.158300e-02	1.143700e-02	
1.129100e-02	1.114600e-02	1.100100e-02	1.085800e-02	1.071600e-02	
1.057500e-02	1.043400e-02	1.029500e-02	1.015700e-02	1.002000e-02	
9.883700e-03	9.748900e-03	9.615300e-03	9.483100e-03	9.352100e-03	
9.222600e-03	9.094500e-03	8.968000e-03	8.843100e-03	8.719900e-03	
8.598600e-03	8.479100e-03	8.361700e-03	8.246500e-03	8.133700e-03	
8.023200e-03	7.915500e-03	7.810600e-03	7.708800e-03	7.610200e-03	
7.515200e-03	7.423900e-03	7.336900e-03	7.254200e-03	7.176400e-03	
7.103800e-03	7.036900e-03	6.976200e-03	6.922100e-03	6.875400e-03	
6.836600e-03	6.806400e-03	6.785600e-03	6.775200e-03	6.775900e-03	
6.788900e-03	6.815200e-03	6.856200e-03	6.913000e-03	6.987300e-03	
7.080600e-03	7.194600e-03	7.331300e-03	7.492700e-03	7.681000e-03	
7.898700e-03	8.148500e-03	8.433000e-03	8.755500e-03	9.119100e-03	
9.527300e-03	9.983900e-03	1.049300e-02	1.105800e-02	1.168300e-02	
1.237400e-02	1.313400e-02	1.396700e-02	1.487900e-02	1.587300e-02	
1.695200e-02	1.811900e-02	1.937700e-02	2.072500e-02	2.216100e-02	
2.368000e-02	2.527300e-02	2.692500e-02	2.861500e-02	3.031100e-02	
3.196600e-02	3.351600e-02	3.486700e-02	3.588800e-02	3.638400e-02	
3.606000e-02	3.444100e-02	3.065300e-02	2.263500e-02	3.082100e-03	

2.271000e-02	2.240900e-02	2.211100e-02	2.181500e-02	2.152100e-02	
2.122800e-02	2.093800e-02	2.065000e-02	2.036400e-02	2.008000e-02	
1.979900e-02	1.951900e-02	1.924200e-02	1.896600e-02	1.869300e-02	
1.842200e-02	1.815400e-02	1.788700e-02	1.762300e-02	1.736100e-02	
1.710200e-02	1.684500e-02	1.659000e-02	1.633800e-02	1.608900e-02	
1.584200e-02	1.559800e-02	1.535700e-02	1.511900e-02	1.488300e-02	
1.465100e-02	1.442200e-02	1.419600e-02	1.397300e-02	1.375500e-02	
1.354000e-02	1.332800e-02	1.312200e-02	1.291900e-02	1.272100e-02	
1.252800e-02	1.234000e-02	1.215700e-02	1.198100e-02	1.181000e-02	
1.164600e-02	1.148900e-02	1.134000e-02	1.119900e-02	1.106600e-02	
1.094300e-02	1.083000e-02	1.072700e-02	1.063700e-02	1.055900e-02	
1.049400e-02	1.044500e-02	1.041100e-02	1.039400e-02	1.039700e-02	
1.041900e-02	1.046400e-02	1.053200e-02	1.062600e-02	1.074800e-02	
1.090000e-02	1.108600e-02	1.130600e-02	1.156500e-02	1.186500e-02	
1.220900e-02	1.260200e-02	1.304600e-02	1.354500e-02	1.410200e-02	
1.472300e-02	1.540900e-02	1.616600e-02	1.699500e-02	1.790100e-02	
1.888500e-02	1.995000e-02	2.109300e-02	2.231500e-02	2.361000e-02	
2.497100e-02	2.638600e-02	2.783800e-02	2.930100e-02	3.073900e-02	
3.210300e-02	3.332200e-02	3.430200e-02	3.490800e-02	3.494800e-02	
3.413500e-02	3.202100e-02	2.780600e-02	1.970300e-02	2.659100e-03	

3.324200e-02	3.276600e-02	3.229300e-02	3.182500e-02	3.136000e-02	
3.090000e-02	3.044300e-02	2.999000e-02	2.954200e-02	2.909700e-02	
2.865600e-02	2.821900e-02	2.778600e-02	2.735700e-02	2.693200e-02	
2.651100e-02	2.609400e-02	2.568100e-02	2.527200e-02	2.486700e-02	
2.446600e-02	2.407000e-02	2.367700e-02	2.328900e-02	2.290600e-02	
2.252600e-02	2.215100e-02	2.178000e-02	2.141400e-02	2.105300e-02	
2.069700e-02	2.034500e-02	1.999800e-02	1.965700e-02	1.932000e-02	
1.899000e-02	1.866400e-02	1.834500e-02	1.803200e-02	1.772500e-02	
1.742400e-02	1.713000e-02	1.684400e-02	1.656400e-02	1.629300e-02	
1.603000e-02	1.577600e-02	1.553000e-02	1.529500e-02	1.507000e-02	
1.485600e-02	1.465300e-02	1.446300e-02	1.428700e-02	1.412400e-02	
1.397700e-02	1.384600e-02	1.373300e-02	1.363800e-02	1.356400e-02	
1.351100e-02	1.348100e-02	1.347700e-02	1.350000e-02	1.355200e-02	
1.363500e-02	1.375100e-02	1.390400e-02	1.409600e-02	1.432900e-02	
1.460700e-02	1.493200e-02	1.530800e-02	1.573900e-02	1.622600e-02	
1.677400e-02	1.738600e-02	1.806400e-02	1.881200e-02	1.963000e-02	
2.052000e-02	2.148300e-02	2.251600e-02	2.361600e-02	2.477700e-02	
2.599000e-02	2.723900e-02	2.850600e-02	2.976300e-02	3.096900e-02	
3.207300e-02	3.300300e-02	3.366300e-02	3.391800e-02	3.358100e-02	
3.237800e-02	2.989000e-02	2.539300e-02	1.736100e-02	2.324500e-03	

4.432200e-02	4.364100e-02	4.296600e-02	4.229700e-02	4.163600e-02	
4.098000e-02	4.033100e-02	3.968900e-02	3.905300e-02	3.842400e-02	
3.780100e-02	3.718400e-02	3.657400e-02	3.597000e-02	3.537300e-02	
3.478200e-02	3.419700e-02	3.361900e-02	3.304700e-02	3.248200e-02	
3.192200e-02	3.137000e-02	3.082400e-02	3.028400e-02	2.975100e-02	
2.922400e-02	2.870400e-02	2.819100e-02	2.768500e-02	2.718500e-02	
2.669200e-02	2.620600e-02	2.572800e-02	2.525600e-02	2.479200e-02	
2.433600e-02	2.388700e-02	2.344600e-02	2.301300e-02	2.258800e-02	
2.217200e-02	2.176500e-02	2.136600e-02	2.097800e-02	2.059900e-02	
2.023000e-02	1.987200e-02	1.952500e-02	1.919000e-02	1.886700e-02	
1.855700e-02	1.826100e-02	1.797800e-02	1.771100e-02	1.746000e-02	
1.722600e-02	1.701100e-02	1.681400e-02	1.663800e-02	1.648300e-02	
1.635200e-02	1.624600e-02	1.616600e-02	1.611500e-02	1.609400e-02	
1.610600e-02	1.615200e-02	1.623500e-02	1.635800e-02	1.652200e-02	
1.673200e-02	1.698900e-02	1.729700e-02	1.765700e-02	1.807400e-02	
1.855000e-02	1.908700e-02	1.968800e-02	2.035400e-02	2.108700e-02	
2.188600e-02	2.275000e-02	2.367800e-02	2.466300e-02	2.569900e-02	
2.677400e-02	2.787200e-02	2.897100e-02	3.004000e-02	3.104100e-02	
3.191700e-02	3.259700e-02	3.298400e-02	3.294600e-02	3.230200e-02	
3.079400e-02	2.803100e-02	2.336400e-02	1.549900e-02	2.060700e-03	

5.570600e-02	5.480200e-02	5.390700e-02	5.302100e-02	5.214600e-02	
5.128000e-02	5.042300e-02	4.957600e-02	4.873900e-02	4.791000e-02	
4.709100e-02	4.628200e-02	4.548200e-02	4.469000e-02	4.390900e-02	
4.313600e-02	4.237200e-02	4.161800e-02	4.087200e-02	4.013600e-02	
3.940900e-02	3.869100e-02	3.798100e-02	3.728100e-02	3.659000e-02	
3.590800e-02	3.523600e-02	3.457200e-02	3.391800e-02	3.327300e-02	
3.263700e-02	3.201000e-02	3.139300e-02	3.078600e-02	3.018900e-02	
2.960100e-02	2.902300e-02	2.845500e-02	2.789800e-02	2.735100e-02	
2.681600e-02	2.629100e-02	2.577700e-02	2.527500e-02	2.478500e-02	
2.430800e-02	2.384300e-02	2.339100e-02	2.295400e-02	2.253000e-02	
2.212200e-02	2.172900e-02	2.135300e-02	2.099300e-02	2.065200e-02	
2.032900e-02	2.002700e-02	1.974500e-02	1.948600e-02	1.925100e-02	
1.904000e-02	1.885600e-02	1.870000e-02	1.857400e-02	1.848000e-02	
1.841900e-02	1.839400e-02	1.840700e-02	1.846000e-02	1.855600e-02	
1.869700e-02	1.888600e-02	1.912400e-02	1.941600e-02	1.976300e-02	
2.016700e-02	2.063000e-02	2.115400e-02	2.174100e-02	2.239000e-02	
2.310000e-02	2.387000e-02	2.469600e-02	2.557100e-02	2.648700e-02	
2.743100e-02	2.838600e-02	2.932700e-02	3.022300e-02	3.103300e-02	
3.170000e-02	3.215300e-02	3.229400e-02	3.199600e-02	3.108400e-02	
2.931400e-02	2.632900e-02	2.154700e-02	1.388600e-02	1.833600e-03	

6.742400e-02	6.627500e-02	6.514000e-02	6.401700e-02	6.290800e-02	
6.181200e-02	6.073000e-02	5.966000e-02	5.860400e-02	5.756000e-02	
5.652900e-02	5.551000e-02	5.450500e-02	5.351200e-02	5.253100e-02	
5.156300e-02	5.060700e-02	4.966400e-02	4.873200e-02	4.781300e-02	
4.690600e-02	4.601200e-02	4.512900e-02	4.425800e-02	4.340000e-02	
4.255300e-02	4.171800e-02	4.089600e-02	4.008500e-02	3.928700e-02	
3.850100e-02	3.772600e-02	3.696400e-02	3.621500e-02	3.547700e-02	
3.475200e-02	3.404000e-02	3.334100e-02	3.265400e-02	3.198000e-02	
3.132000e-02	3.067300e-02	3.004000e-02	2.942200e-02	2.881700e-02	
2.822700e-02	2.765300e-02	2.709400e-02	2.655100e-02	2.602400e-02	
2.551500e-02	2.502400e-02	2.455100e-02	2.409700e-02	2.366400e-02	
2.325200e-02	2.286100e-02	2.249400e-02	2.215100e-02	2.183300e-02	
2.154200e-02	2.127900e-02	2.104600e-02	2.084500e-02	2.067700e-02	
2.054300e-02	2.044700e-02	2.039000e-02	2.037400e-02	2.040100e-02	
2.047400e-02	2.059400e-02	2.076500e-02	2.098800e-02	2.126600e-02	
2.160000e-02	2.199100e-02	2.244100e-02	2.295000e-02	2.351800e-02	
2.414300e-02	2.482300e-02	2.555200e-02	2.632300e-02	2.712700e-02	
2.794900e-02	2.877100e-02	2.956700e-02	3.030500e-02	3.094200e-02	
3.142300e-02	3.167300e-02	3.160000e-02	3.107900e-02	2.994200e-02	
2.796200e-02	2.480900e-02	1.996800e-02	1.254000e-02	1.645400e-03	

7.941900e-02	7.800500e-02	7.661000e-02	7.523100e-02	7.387100e-02	
7.252800e-02	7.120200e-02	6.989300e-02	6.860200e-02	6.732700e-02	
6.606900e-02	6.482800e-02	6.360300e-02	6.239500e-02	6.120300e-02	
6.002700e-02	5.886700e-02	5.772300e-02	5.659500e-02	5.548300e-02	
5.438700e-02	5.330500e-02	5.224000e-02	5.119000e-02	5.015500e-02	
4.913600e-02	4.813100e-02	4.714300e-02	4.616900e-02	4.521000e-02	
4.426700e-02	4.333900e-02	4.242600e-02	4.152900e-02	4.064700e-02	
3.978000e-02	3.892900e-02	3.809300e-02	3.727300e-02	3.646900e-02	
3.568100e-02	3.490900e-02	3.415300e-02	3.341500e-02	3.269300e-02	
3.198800e-02	3.130200e-02	3.063300e-02	2.998300e-02	2.935200e-02	
2.874100e-02	2.815000e-02	2.758000e-02	2.703100e-02	2.650400e-02	
2.600100e-02	2.552200e-02	2.506900e-02	2.464100e-02	2.424100e-02	
2.387000e-02	2.352900e-02	2.321900e-02	2.294200e-02	2.270000e-02	
2.249500e-02	2.232800e-02	2.220100e-02	2.211600e-02	2.207600e-02	
2.208200e-02	2.213600e-02	2.224000e-02	2.239600e-02	2.260600e-02	
2.287100e-02	2.319200e-02	2.357000e-02	2.400500e-02	2.449600e-02	
2.504000e-02	2.563300e-02	2.627100e-02	2.694500e-02	2.764300e-02	
2.835200e-02	2.905100e-02	2.971500e-02	3.030900e-02	3.079000e-02	
3.110300e-02	3.117500e-02	3.091500e-02	3.020100e-02	2.887600e-02	
2.672500e-02	2.344800e-02	1.858900e-02	1.140700e-02	1.488300e-03	

9.162400e-02	8.992900e-02	8.825600e-02	8.660600e-02	8.497800e-02	
8.337300e-02	8.179000e-02	8.022800e-02	7.868800e-02	7.716900e-02	
7.567200e-02	7.419600e-02	7.274100e-02	7.130600e-02	6.989200e-02	
6.849800e-02	6.712400e-02	6.577000e-02	6.443700e-02	6.312300e-02	
6.182800e-02	6.055300e-02	5.929700e-02	5.806000e-02	5.684200e-02	
5.564400e-02	5.446400e-02	5.330300e-02	5.216100e-02	5.103700e-02	
4.993200e-02	4.884500e-02	4.777800e-02	4.672800e-02	4.569700e-02	
4.468500e-02	4.369100e-02	4.271600e-02	4.176000e-02	4.082200e-02	
3.990400e-02	3.900500e-02	3.812500e-02	3.726400e-02	3.642400e-02	
3.560400e-02	3.480400e-02	3.402400e-02	3.326600e-02	3.253000e-02	
3.181600e-02	3.112400e-02	3.045600e-02	2.981200e-02	2.919200e-02	
2.859800e-02	2.803100e-02	2.749100e-02	2.697900e-02	2.649700e-02	
2.604600e-02	2.562700e-02	2.524100e-02	2.489000e-02	2.457500e-02	
2.429900e-02	2.406200e-02	2.386600e-02	2.371400e-02	2.360700e-02	
2.354700e-02	2.353600e-02	2.357500e-02	2.366600e-02	2.381000e-02	
2.400900e-02	2.426200e-02	2.457100e-02	2.493500e-02	2.535100e-02	
2.581700e-02	2.632900e-02	2.688000e-02	2.746200e-02	2.806200e-02	
2.866600e-02	2.925100e-02	2.979200e-02	3.025400e-02	3.059300e-02	
3.075500e-02	3.066900e-02	3.024300e-02	2.936300e-02	2.787800e-02	
2.558800e-02	2.222000e-02	1.737000e-02	1.043800e-02	1.354500e-03	

1.039900e-01	1.020000e-01	1.000400e-01	9.810000e-02	9.619200e-02	
9.431000e-02	9.245700e-02	9.063000e-02	8.883000e-02	8.705600e-02	
8.530800e-02	8.358600e-02	8.189000e-02	8.022000e-02	7.857400e-02	
7.695300e-02	7.535800e-02	7.378600e-02	7.223900e-02	7.071600e-02	
6.921600e-02	6.774000e-02	6.628700e-02	6.485800e-02	6.345200e-02	
6.206900e-02	6.070800e-02	5.937000e-02	5.805500e-02	5.676200e-02	
5.549100e-02	5.424200e-02	5.301600e-02	5.181100e-02	5.062900e-02	
4.946800e-02	4.833000e-02	4.721300e-02	4.611800e-02	4.504600e-02	
4.399500e-02	4.296700e-02	4.196200e-02	4.097800e-02	4.001800e-02	
3.908000e-02	3.816600e-02	3.727600e-02	3.641000e-02	3.556700e-02	
3.475000e-02	3.395800e-02	3.319200e-02	3.245300e-02	3.174100e-02	
3.105600e-02	3.040100e-02	2.977500e-02	2.918000e-02	2.861700e-02	
2.808600e-02	2.759000e-02	2.712900e-02	2.670400e-02	2.631800e-02	
2.597100e-02	2.566600e-02	2.540300e-02	2.518500e-02	2.501300e-02	
2.488900e-02	2.481300e-02	2.478900e-02	2.481700e-02	2.489800e-02	
2.503200e-02	2.522100e-02	2.546300e-02	2.575800e-02	2.610300e-02	
2.649600e-02	2.693000e-02	2.739900e-02	2.789400e-02	2.840200e-02	
2.890700e-02	2.938600e-02	2.981400e-02	3.015400e-02	3.036500e-02	
3.039000e-02	3.016100e-02	2.958900e-02	2.856300e-02	2.694100e-02	
2.453800e-02	2.110300e-02	1.628400e-02	9.597800e-03	1.239300e-03	

1.164900e-01	1.141900e-01	1.119200e-01	1.096800e-01	1.074800e-01	
1.053100e-01	1.031800e-01	1.010700e-01	9.900100e-02	9.696200e-02	
9.495400e-02	9.297700e-02	9.103200e-02	8.911600e-02	8.723100e-02	
8.537600e-02	8.355100e-02	8.175400e-02	7.998700e-02	7.824800e-02	
7.653700e-02	7.485500e-02	7.320100e-02	7.157400e-02	6.997400e-02	
6.840200e-02	6.685600e-02	6.533800e-02	6.384600e-02	6.238000e-02	
6.094000e-02	5.952600e-02	5.813800e-02	5.677600e-02	5.544000e-02	
5.412900e-02	5.284400e-02	5.158400e-02	5.034900e-02	4.914000e-02	
4.795700e-02	4.679900e-02	4.566600e-02	4.456000e-02	4.347900e-02	
4.242400e-02	4.139600e-02	4.039400e-02	3.941900e-02	3.847100e-02	
3.755100e-02	3.665900e-02	3.579600e-02	3.496200e-02	3.415700e-02	
3.338300e-02	3.264100e-02	3.193000e-02	3.125300e-02	3.060900e-02	
3.000100e-02	2.942800e-02	2.889300e-02	2.839600e-02	2.794000e-02	
2.752500e-02	2.715200e-02	2.682400e-02	2.654100e-02	2.630600e-02	
2.611900e-02	2.598200e-02	2.589600e-02	2.586200e-02	2.588200e-02	
2.595400e-02	2.608000e-02	2.625900e-02	2.648800e-02	2.676600e-02	
2.708700e-02	2.744800e-02	2.784000e-02	2.825400e-02	2.867500e-02	
2.908700e-02	2.946800e-02	2.979100e-02	3.002000e-02	3.011300e-02	
3.001400e-02	2.965600e-02	2.895400e-02	2.780100e-02	2.606300e-02	
2.356700e-02	2.008600e-02	1.531300e-02	8.865700e-03	1.139300e-03	

1.290900e-01	1.264600e-01	1.238700e-01	1.213300e-01	1.188200e-01	
1.163500e-01	1.139200e-01	1.115300e-01	1.091800e-01	1.068700e-01	
1.045900e-01	1.023500e-01	1.001500e-01	9.798200e-02	9.585000e-02	
9.375400e-02	9.169200e-02	8.966500e-02	8.767100e-02	8.571200e-02	
8.378500e-02	8.189200e-02	8.003100e-02	7.820200e-02	7.640500e-02	
7.464000e-02	7.290600e-02	7.120400e-02	6.953200e-02	6.789000e-02	
6.627900e-02	6.469800e-02	6.314700e-02	6.162500e-02	6.013300e-02	
5.867100e-02	5.723700e-02	5.583300e-02	5.445800e-02	5.311100e-02	
5.179400e-02	5.050600e-02	4.924600e-02	4.801600e-02	4.681500e-02	
4.564300e-02	4.450000e-02	4.338700e-02	4.230400e-02	4.125100e-02	
4.022900e-02	3.923700e-02	3.827700e-02	3.734900e-02	3.645400e-02	
3.559100e-02	3.476200e-02	3.396800e-02	3.320900e-02	3.248600e-02	
3.180100e-02	3.115400e-02	3.054600e-02	2.997900e-02	2.945300e-02	
2.897100e-02	2.853300e-02	2.814000e-02	2.779500e-02	2.749800e-02	
2.725000e-02	2.705300e-02	2.690800e-02	2.681500e-02	2.677500e-02	
2.678800e-02	2.685400e-02	2.697100e-02	2.713800e-02	2.735100e-02	
2.760600e-02	2.789700e-02	2.821600e-02	2.855200e-02	2.889200e-02	
2.921700e-02	2.950700e-02	2.973200e-02	2.985900e-02	2.984300e-02	
2.963200e-02	2.915800e-02	2.834000e-02	2.707600e-02	2.523800e-02	
2.266600e-02	1.915500e-02	1.443800e-02	8.222000e-03	1.051900e-03	

1.417500e-01	1.387900e-01	1.358700e-01	1.330000e-01	1.301800e-01	
1.274100e-01	1.246800e-01	1.219900e-01	1.193500e-01	1.167600e-01	
1.142100e-01	1.117000e-01	1.092300e-01	1.068000e-01	1.044200e-01	
1.020800e-01	9.977400e-02	9.751100e-02	9.528700e-02	9.310300e-02	
9.095600e-02	8.884800e-02	8.677700e-02	8.474300e-02	8.274600e-02	
8.078500e-02	7.886000e-02	7.697100e-02	7.511700e-02	7.329800e-02	
7.151400e-02	6.976400e-02	6.804800e-02	6.636600e-02	6.471700e-02	
6.310200e-02	6.151900e-02	5.997000e-02	5.845300e-02	5.696900e-02	
5.551800e-02	5.409900e-02	5.271300e-02	5.135900e-02	5.003700e-02	
4.874800e-02	4.749200e-02	4.626800e-02	4.507800e-02	4.392100e-02	
4.279700e-02	4.170700e-02	4.065100e-02	3.963000e-02	3.864400e-02	
3.769400e-02	3.678000e-02	3.590300e-02	3.506400e-02	3.426300e-02	
3.350200e-02	3.278200e-02	3.210300e-02	3.146700e-02	3.087400e-02	
3.032600e-02	2.982400e-02	2.936900e-02	2.896200e-02	2.860500e-02	
2.829800e-02	2.804300e-02	2.784000e-02	2.769000e-02	2.759300e-02	
2.754900e-02	2.755700e-02	2.761500e-02	2.772100e-02	2.787200e-02	
2.806400e-02	2.828800e-02	2.853800e-02	2.880100e-02	2.906400e-02	
2.930800e-02	2.951200e-02	2.964700e-02	2.967800e-02	2.956300e-02	
2.924800e-02	2.866900e-02	2.774600e-02	2.638200e-02	2.445800e-02	
2.182400e-02	1.829600e-02	1.364200e-02	7.648300e-03	9.743800e-04	

1.544600e-01	1.511500e-01	1.479000e-01	1.447000e-01	1.415600e-01	
1.384600e-01	1.354300e-01	1.324400e-01	1.295000e-01	1.266200e-01	
1.237800e-01	1.210000e-01	1.182600e-01	1.155700e-01	1.129300e-01	
1.103400e-01	1.077900e-01	1.052800e-01	1.028200e-01	1.004100e-01	
9.804100e-02	9.571400e-02	9.343000e-02	9.118800e-02	8.898800e-02	
8.682900e-02	8.471100e-02	8.263300e-02	8.059600e-02	7.859800e-02	
7.663800e-02	7.471800e-02	7.283600e-02	7.099200e-02	6.918600e-02	
6.741700e-02	6.568600e-02	6.399100e-02	6.233300e-02	6.071100e-02	
5.912600e-02	5.757700e-02	5.606300e-02	5.458600e-02	5.314500e-02	
5.173900e-02	5.037000e-02	4.903700e-02	4.774000e-02	4.647900e-02	
4.525400e-02	4.406700e-02	4.291600e-02	4.180300e-02	4.072800e-02	
3.969200e-02	3.869400e-02	3.773600e-02	3.681800e-02	3.594200e-02	
3.510700e-02	3.431500e-02	3.356600e-02	3.286200e-02	3.220300e-02	
3.159100e-02	3.102700e-02	3.051100e-02	3.004500e-02	2.963000e-02	
2.926600e-02	2.895500e-02	2.869600e-02	2.849100e-02	2.833900e-02	
2.823900e-02	2.819100e-02	2.819300e-02	2.824200e-02	2.833400e-02	
2.846500e-02	2.862600e-02	2.881000e-02	2.900400e-02	2.919500e-02	
2.936400e-02	2.948700e-02	2.953800e-02	2.948000e-02	2.927300e-02	
2.886400e-02	2.818900e-02	2.717300e-02	2.572200e-02	2.372400e-02	
2.104000e-02	1.750500e-02	1.292000e-02	7.138600e-03	9.057800e-04	

1.672000e-01	1.635400e-01	1.599400e-01	1.564000e-01	1.529200e-01	
1.495100e-01	1.461500e-01	1.428600e-01	1.396200e-01	1.364400e-01	
1.333100e-01	1.302500e-01	1.272300e-01	1.242800e-01	1.213700e-01	
1.185200e-01	1.157200e-01	1.129700e-01	1.102800e-01	1.076300e-01	
1.050300e-01	1.024900e-01	9.998600e-02	9.753400e-02	9.512900e-02	
9.277000e-02	9.045700e-02	8.818900e-02	8.596600e-02	8.378800e-02	
8.165300e-02	7.956200e-02	7.751300e-02	7.550700e-02	7.354300e-02	
7.162000e-02	6.973900e-02	6.789900e-02	6.610000e-02	6.434000e-02	
6.262200e-02	6.094200e-02	5.930300e-02	5.770300e-02	5.614300e-02	
5.462200e-02	5.314000e-02	5.169800e-02	5.029500e-02	4.893100e-02	
4.760800e-02	4.632400e-02	4.508000e-02	4.387700e-02	4.271400e-02	
4.159200e-02	4.051200e-02	3.947500e-02	3.848000e-02	3.752800e-02	
3.662100e-02	3.575900e-02	3.494200e-02	3.417200e-02	3.344900e-02	
3.277500e-02	3.215000e-02	3.157500e-02	3.105200e-02	3.058000e-02	
3.016100e-02	2.979500e-02	2.948300e-02	2.922400e-02	2.901900e-02	
2.886700e-02	2.876500e-02	2.871300e-02	2.870700e-02	2.874300e-02	
2.881600e-02	2.891800e-02	2.903900e-02	2.916900e-02	2.929100e-02	
2.938800e-02	2.943700e-02	2.940900e-02	2.927000e-02	2.897800e-02	
2.848200e-02	2.772100e-02	2.662100e-02	2.509300e-02	2.303100e-02	
2.030900e-02	1.677400e-02	1.226200e-02	6.683400e-03	8.447700e-04	

1.799500e-01	1.759300e-01	1.719700e-01	1.680900e-01	1.642700e-01	
1.605200e-01	1.568500e-01	1.532300e-01	1.496900e-01	1.462100e-01	
1.427900e-01	1.394400e-01	1.361400e-01	1.329100e-01	1.297400e-01	
1.266300e-01	1.235800e-01	1.205800e-01	1.176500e-01	1.147600e-01	
1.119400e-01	1.091700e-01	1.064500e-01	1.037800e-01	1.011700e-01	
9.861100e-02	9.610100e-02	9.364300e-02	9.123400e-02	8.887400e-02	
8.656300e-02	8.430000e-02	8.208400e-02	7.991600e-02	7.779400e-02	
7.571800e-02	7.368700e-02	7.170200e-02	6.976100e-02	6.786500e-02	
6.601300e-02	6.420400e-02	6.243900e-02	6.071800e-02	5.903900e-02	
5.740300e-02	5.581100e-02	5.426000e-02	5.275300e-02	5.128800e-02	
4.986600e-02	4.848700e-02	4.715100e-02	4.585900e-02	4.461000e-02	
4.340500e-02	4.224400e-02	4.112800e-02	4.005800e-02	3.903300e-02	
3.805500e-02	3.712400e-02	3.624000e-02	3.540600e-02	3.462100e-02	
3.388600e-02	3.320200e-02	3.257000e-02	3.199100e-02	3.146400e-02	
3.099200e-02	3.057400e-02	3.021000e-02	2.990000e-02	2.964400e-02	
2.944000e-02	2.928800e-02	2.918400e-02	2.912500e-02	2.910800e-02	
2.912500e-02	2.917000e-02	2.923200e-02	2.930000e-02	2.935800e-02	
2.938800e-02	2.936700e-02	2.926500e-02	2.905000e-02	2.868000e-02	
2.810400e-02	2.726400e-02	2.608900e-02	2.449300e-02	2.237600e-02	
1.962200e-02	1.609700e-02	1.166000e-02	6.273400e-03	7.900400e-04	

1.927000e-01	1.883000e-01	1.839900e-01	1.797500e-01	1.755900e-01	
1.715000e-01	1.675000e-01	1.635600e-01	1.597100e-01	1.559200e-01	
1.522000e-01	1.485600e-01	1.449800e-01	1.414700e-01	1.380300e-01	
1.346600e-01	1.313500e-01	1.281000e-01	1.249200e-01	1.218000e-01	
1.187500e-01	1.157500e-01	1.128100e-01	1.099300e-01	1.071100e-01	
1.043500e-01	1.016400e-01	9.899200e-02	9.639600e-02	9.385500e-02	
9.136700e-02	8.893200e-02	8.654900e-02	8.421800e-02	8.193800e-02	
7.970900e-02	7.752900e-02	7.539900e-02	7.331800e-02	7.128500e-02	
6.930100e-02	6.736400e-02	6.547400e-02	6.363200e-02	6.183600e-02	
6.008700e-02	5.838400e-02	5.672700e-02	5.511600e-02	5.355200e-02	
5.203300e-02	5.056000e-02	4.913400e-02	4.775400e-02	4.642000e-02	
4.513300e-02	4.389300e-02	4.270000e-02	4.155500e-02	4.045900e-02	
3.941200e-02	3.841400e-02	3.746600e-02	3.656800e-02	3.572200e-02	
3.492900e-02	3.418800e-02	3.350000e-02	3.286600e-02	3.228700e-02	
3.176300e-02	3.129400e-02	3.088000e-02	3.052100e-02	3.021600e-02	
2.996300e-02	2.976100e-02	2.960800e-02	2.949900e-02	2.943100e-02	
2.939500e-02	2.938600e-02	2.939200e-02	2.940200e-02	2.940000e-02	
2.936600e-02	2.927900e-02	2.910900e-02	2.882300e-02	2.838000e-02	
2.773200e-02	2.682000e-02	2.557600e-02	2.392000e-02	2.175700e-02	
1.897900e-02	1.546700e-02	1.110700e-02	5.903700e-03	7.408900e-04	

2.054300e-01	2.006600e-01	1.959700e-01	1.913700e-01	1.868600e-01	
1.824300e-01	1.780900e-01	1.738300e-01	1.696500e-01	1.655500e-01	
1.615300e-01	1.575900e-01	1.537300e-01	1.499400e-01	1.462300e-01	
1.425900e-01	1.390200e-01	1.355200e-01	1.320900e-01	1.287300e-01	
1.254400e-01	1.222200e-01	1.190600e-01	1.159700e-01	1.129400e-01	
1.099700e-01	1.070700e-01	1.042200e-01	1.014400e-01	9.871700e-02	
9.605200e-02	9.344500e-02	9.089600e-02	8.840300e-02	8.596500e-02	
8.358300e-02	8.125500e-02	7.898100e-02	7.676000e-02	7.459200e-02	
7.247600e-02	7.041200e-02	6.839900e-02	6.643700e-02	6.452500e-02	
6.266400e-02	6.085200e-02	5.909000e-02	5.737800e-02	5.571500e-02	
5.410100e-02	5.253600e-02	5.102100e-02	4.955500e-02	4.813800e-02	
4.677100e-02	4.545300e-02	4.418600e-02	4.296900e-02	4.180300e-02	
4.068800e-02	3.962500e-02	3.861400e-02	3.765600e-02	3.675100e-02	
3.590000e-02	3.510400e-02	3.436300e-02	3.367700e-02	3.304700e-02	
3.247300e-02	3.195500e-02	3.149300e-02	3.108700e-02	3.073400e-02	
3.043500e-02	3.018700e-02	2.998600e-02	2.983000e-02	2.971200e-02	
2.962700e-02	2.956700e-02	2.952100e-02	2.947600e-02	2.941600e-02	
2.932400e-02	2.917500e-02	2.894200e-02	2.859100e-02	2.808100e-02	
2.736600e-02	2.639000e-02	2.508500e-02	2.337600e-02	2.117400e-02	
1.838000e-02	1.488800e-02	1.060400e-02	5.573300e-03	6.971400e-04	

2.181400e-01	2.129800e-01	2.079200e-01	2.029600e-01	1.980900e-01	
1.933200e-01	1.886400e-01	1.840500e-01	1.795500e-01	1.751300e-01	
1.708100e-01	1.665700e-01	1.624200e-01	1.583500e-01	1.543600e-01	
1.504500e-01	1.466200e-01	1.428700e-01	1.391900e-01	1.355900e-01	
1.320700e-01	1.286200e-01	1.252400e-01	1.219300e-01	1.186900e-01	
1.155200e-01	1.124100e-01	1.093800e-01	1.064100e-01	1.035000e-01	
1.006600e-01	9.788300e-02	9.516700e-02	9.251200e-02	8.991800e-02	
8.738300e-02	8.490800e-02	8.249000e-02	8.013100e-02	7.782700e-02	
7.558100e-02	7.339000e-02	7.125500e-02	6.917400e-02	6.714700e-02	
6.517500e-02	6.325600e-02	6.138900e-02	5.957600e-02	5.781600e-02	
5.610800e-02	5.445300e-02	5.284900e-02	5.129800e-02	4.979900e-02	
4.835300e-02	4.696000e-02	4.561900e-02	4.433000e-02	4.309600e-02	
4.191500e-02	4.078800e-02	3.971500e-02	3.869700e-02	3.773500e-02	
3.682900e-02	3.597800e-02	3.518400e-02	3.444800e-02	3.376800e-02	
3.314600e-02	3.258000e-02	3.207200e-02	3.161900e-02	3.122200e-02	
3.087700e-02	3.058300e-02	3.033700e-02	3.013400e-02	2.997000e-02	
2.983700e-02	2.972700e-02	2.963000e-02	2.953200e-02	2.941900e-02	
2.927000e-02	2.906200e-02	2.876900e-02	2.835500e-02	2.778300e-02	
2.700600e-02	2.596800e-02	2.460800e-02	2.285100e-02	2.061400e-02	
1.780700e-02	1.433700e-02	1.013000e-02	5.265400e-03	6.564800e-04	

2.308400e-01	2.252900e-01	2.198500e-01	2.145200e-01	2.092900e-01	
2.041700e-01	1.991500e-01	1.942300e-01	1.894000e-01	1.846800e-01	
1.800400e-01	1.755100e-01	1.710600e-01	1.667100e-01	1.624400e-01	
1.582600e-01	1.541700e-01	1.501600e-01	1.462400e-01	1.424000e-01	
1.386400e-01	1.349600e-01	1.313600e-01	1.278300e-01	1.243800e-01	
1.210100e-01	1.177100e-01	1.144800e-01	1.113200e-01	1.082300e-01	
1.052200e-01	1.022700e-01	9.938400e-02	9.656800e-02	9.381700e-02	
9.113000e-02	8.850700e-02	8.594600e-02	8.344800e-02	8.101100e-02	
7.863400e-02	7.631800e-02	7.406000e-02	7.186100e-02	6.972100e-02	
6.763800e-02	6.561200e-02	6.364200e-02	6.172900e-02	5.987200e-02	
5.807100e-02	5.632600e-02	5.463500e-02	5.300000e-02	5.142100e-02	
4.989600e-02	4.842700e-02	4.701300e-02	4.565500e-02	4.435300e-02	
4.310700e-02	4.191700e-02	4.078300e-02	3.970700e-02	3.868800e-02	
3.772600e-02	3.682200e-02	3.597700e-02	3.519100e-02	3.446200e-02	
3.379200e-02	3.318100e-02	3.262600e-02	3.212800e-02	3.168600e-02	
3.129700e-02	3.095900e-02	3.066800e-02	3.042000e-02	3.021000e-02	
3.003100e-02	2.987300e-02	2.972700e-02	2.957800e-02	2.941100e-02	
2.920800e-02	2.894400e-02	2.859200e-02	2.811900e-02	2.748600e-02	
2.664900e-02	2.555400e-02	2.414000e-02	2.233800e-02	2.007000e-02	
1.725400e-02	1.380700e-02	9.677000e-03	4.973400e-03	6.179900e-04	

2.435300e-01	2.376000e-01	2.317800e-01	2.260800e-01	2.205000e-01	
2.150300e-01	2.096600e-01	2.044100e-01	1.992600e-01	1.942200e-01	
1.892800e-01	1.844400e-01	1.797100e-01	1.750700e-01	1.705200e-01	
1.660800e-01	1.617200e-01	1.574600e-01	1.532900e-01	1.492100e-01	
1.452100e-01	1.413000e-01	1.374800e-01	1.337400e-01	1.300800e-01	
1.265000e-01	1.230000e-01	1.195800e-01	1.162300e-01	1.129700e-01	
1.097700e-01	1.066500e-01	1.036000e-01	1.006200e-01	9.771500e-02	
9.487600e-02	9.210600e-02	8.940200e-02	8.676600e-02	8.419400e-02	
8.168800e-02	7.924600e-02	7.686600e-02	7.454900e-02	7.229400e-02	
7.010100e-02	6.796800e-02	6.589500e-02	6.388200e-02	6.192800e-02	
6.003400e-02	5.819900e-02	5.642100e-02	5.470200e-02	5.304200e-02	
5.143900e-02	4.989500e-02	4.840800e-02	4.698000e-02	4.561000e-02	
4.429800e-02	4.304500e-02	4.185100e-02	4.071600e-02	3.964000e-02	
3.862300e-02	3.766700e-02	3.677000e-02	3.593400e-02	3.515600e-02	
3.443900e-02	3.378100e-02	3.318000e-02	3.263800e-02	3.215100e-02	
3.171700e-02	3.133500e-02	3.099900e-02	3.070700e-02	3.045100e-02	
3.022400e-02	3.001900e-02	2.982300e-02	2.962300e-02	2.940400e-02	
2.914600e-02	2.882500e-02	2.841500e-02	2.788200e-02	2.718900e-02	
2.629200e-02	2.514000e-02	2.367300e-02	2.182600e-02	1.952600e-02	
1.670000e-02	1.327700e-02	9.223900e-03	4.681400e-03	5.795100e-04	

2.562300e-01	2.499100e-01	2.437100e-01	2.376400e-01	2.317000e-01	
2.258800e-01	2.201700e-01	2.145900e-01	2.091200e-01	2.037600e-01	
1.985100e-01	1.933800e-01	1.883500e-01	1.834200e-01	1.786100e-01	
1.738900e-01	1.692700e-01	1.647600e-01	1.603400e-01	1.560100e-01	
1.517800e-01	1.476500e-01	1.436000e-01	1.396400e-01	1.357700e-01	
1.319900e-01	1.282900e-01	1.246800e-01	1.211500e-01	1.177000e-01	
1.143200e-01	1.110300e-01	1.078200e-01	1.046800e-01	1.016100e-01	
9.862200e-02	9.570500e-02	9.285800e-02	9.008300e-02	8.737800e-02	
8.474100e-02	8.217300e-02	7.967200e-02	7.723600e-02	7.486700e-02	
7.256400e-02	7.032400e-02	6.814800e-02	6.603500e-02	6.398400e-02	
6.199800e-02	6.007200e-02	5.820700e-02	5.640500e-02	5.466300e-02	
5.298200e-02	5.136200e-02	4.980300e-02	4.830400e-02	4.686700e-02	
4.549000e-02	4.417400e-02	4.291900e-02	4.172500e-02	4.059200e-02	
3.952100e-02	3.851100e-02	3.756300e-02	3.667600e-02	3.585000e-02	
3.508600e-02	3.438100e-02	3.373500e-02	3.314700e-02	3.261500e-02	
3.213800e-02	3.171000e-02	3.133100e-02	3.099300e-02	3.069100e-02	
3.041800e-02	3.016500e-02	2.992000e-02	2.966900e-02	2.939700e-02	
2.908400e-02	2.870600e-02	2.823700e-02	2.764500e-02	2.689300e-02	
2.593600e-02	2.472500e-02	2.320500e-02	2.131300e-02	1.898300e-02	
1.614600e-02	1.274700e-02	8.770700e-03	4.389400e-03	5.410200e-04	

2.689200e-01	2.622100e-01	2.556400e-01	2.492000e-01	2.429000e-01	
2.367400e-01	2.306900e-01	2.247700e-01	2.189800e-01	2.133000e-01	
2.077400e-01	2.023100e-01	1.969900e-01	1.917800e-01	1.866900e-01	
1.817000e-01	1.768300e-01	1.720500e-01	1.673900e-01	1.628200e-01	
1.583600e-01	1.539900e-01	1.497200e-01	1.455500e-01	1.414700e-01	
1.374800e-01	1.335900e-01	1.297800e-01	1.260600e-01	1.224300e-01	
1.188800e-01	1.154200e-01	1.120300e-01	1.087300e-01	1.055100e-01	
1.023700e-01	9.930400e-02	9.631500e-02	9.340100e-02	9.056100e-02	
8.779500e-02	8.510100e-02	8.247700e-02	7.992400e-02	7.744100e-02	
7.502700e-02	7.268000e-02	7.040100e-02	6.818800e-02	6.604100e-02	
6.396100e-02	6.194500e-02	5.999300e-02	5.810700e-02	5.628400e-02	
5.452500e-02	5.283000e-02	5.119800e-02	4.962900e-02	4.812400e-02	
4.668200e-02	4.530300e-02	4.398700e-02	4.273500e-02	4.154500e-02	
4.041800e-02	3.935500e-02	3.835600e-02	3.741900e-02	3.654500e-02	
3.573200e-02	3.498100e-02	3.428900e-02	3.365600e-02	3.308000e-02	
3.255800e-02	3.208600e-02	3.166200e-02	3.127900e-02	3.093200e-02	
3.061200e-02	3.031000e-02	3.001600e-02	2.971400e-02	2.938900e-02	
2.902100e-02	2.858700e-02	2.806000e-02	2.740900e-02	2.659600e-02	
2.557900e-02	2.431100e-02	2.273700e-02	2.080100e-02	1.843900e-02	
1.559200e-02	1.221700e-02	8.317500e-03	4.097400e-03	5.025300e-04	

2.816200e-01	2.745200e-01	2.675800e-01	2.607700e-01	2.541100e-01	
2.475900e-01	2.412000e-01	2.349500e-01	2.288300e-01	2.228400e-01	
2.169800e-01	2.112500e-01	2.056300e-01	2.001400e-01	1.947700e-01	
1.895200e-01	1.843800e-01	1.793500e-01	1.744300e-01	1.696300e-01	
1.649300e-01	1.603300e-01	1.558400e-01	1.514500e-01	1.471600e-01	
1.429700e-01	1.388800e-01	1.348800e-01	1.309700e-01	1.271600e-01	
1.234300e-01	1.198000e-01	1.162500e-01	1.127900e-01	1.094100e-01	
1.061100e-01	1.029000e-01	9.977100e-02	9.671900e-02	9.374500e-02	
9.084800e-02	8.802800e-02	8.528300e-02	8.261200e-02	8.001400e-02	
7.749000e-02	7.503600e-02	7.265400e-02	7.034100e-02	6.809700e-02	
6.592400e-02	6.381800e-02	6.177900e-02	5.980900e-02	5.790500e-02	
5.606800e-02	5.429700e-02	5.259300e-02	5.095300e-02	4.938100e-02	
4.787400e-02	4.643200e-02	4.505500e-02	4.374400e-02	4.249700e-02	
4.131600e-02	4.020000e-02	3.914900e-02	3.816200e-02	3.723900e-02	
3.637900e-02	3.558100e-02	3.484300e-02	3.416500e-02	3.354400e-02	
3.297800e-02	3.246200e-02	3.199300e-02	3.156500e-02	3.117200e-02	
3.080500e-02	3.045600e-02	3.011300e-02	2.976000e-02	2.938200e-02	
2.895900e-02	2.846900e-02	2.788300e-02	2.717200e-02	2.629900e-02	
2.522200e-02	2.389600e-02	2.227000e-02	2.028800e-02	1.789500e-02	
1.503900e-02	1.168600e-02	7.864400e-03	3.805300e-03	4.640400e-04	

2.943100e-01	2.868300e-01	2.795100e-01	2.723300e-01	2.653100e-01	
2.584500e-01	2.517100e-01	2.451300e-01	2.386900e-01	2.323900e-01	
2.262100e-01	2.201800e-01	2.142800e-01	2.085000e-01	2.028500e-01	
1.973300e-01	1.919300e-01	1.866500e-01	1.814800e-01	1.764300e-01	
1.715000e-01	1.666800e-01	1.619600e-01	1.573600e-01	1.528600e-01	
1.484600e-01	1.441700e-01	1.399800e-01	1.358800e-01	1.318900e-01	
1.279900e-01	1.241800e-01	1.204700e-01	1.168400e-01	1.133100e-01	
1.098600e-01	1.065000e-01	1.032300e-01	1.000400e-01	9.692800e-02	
9.390100e-02	9.095600e-02	8.808900e-02	8.529900e-02	8.258800e-02	
7.995300e-02	7.739200e-02	7.490600e-02	7.249400e-02	7.015300e-02	
6.788700e-02	6.569200e-02	6.356500e-02	6.151100e-02	5.952600e-02	
5.761100e-02	5.576500e-02	5.398700e-02	5.227800e-02	5.063800e-02	
4.906600e-02	4.756000e-02	4.612300e-02	4.475300e-02	4.345000e-02	
4.221300e-02	4.104400e-02	3.994200e-02	3.890500e-02	3.793300e-02	
3.702500e-02	3.618100e-02	3.539800e-02	3.467400e-02	3.400900e-02	
3.339800e-02	3.283800e-02	3.232400e-02	3.185100e-02	3.141300e-02	
3.099900e-02	3.060200e-02	3.020900e-02	2.980500e-02	2.937500e-02	
2.889700e-02	2.835000e-02	2.770600e-02	2.693500e-02	2.600200e-02	
2.486500e-02	2.348200e-02	2.180200e-02	1.977600e-02	1.735100e-02	
1.448500e-02	1.115600e-02	7.411200e-03	3.513300e-03	4.255500e-04	

3.070100e-01	2.991400e-01	2.914400e-01	2.838900e-01	2.765100e-01	
2.693000e-01	2.622300e-01	2.553100e-01	2.485500e-01	2.419300e-01	
2.354400e-01	2.291100e-01	2.229200e-01	2.168600e-01	2.109400e-01	
2.051400e-01	1.994800e-01	1.939400e-01	1.885300e-01	1.832400e-01	
1.780700e-01	1.730200e-01	1.680900e-01	1.632600e-01	1.585500e-01	
1.539600e-01	1.494600e-01	1.450800e-01	1.408000e-01	1.366200e-01	
1.325400e-01	1.285600e-01	1.246800e-01	1.209000e-01	1.172100e-01	
1.136100e-01	1.101000e-01	1.066800e-01	1.033500e-01	1.001100e-01	
9.695500e-02	9.388400e-02	9.089400e-02	8.798700e-02	8.516100e-02	
8.241600e-02	7.974800e-02	7.715900e-02	7.464700e-02	7.220900e-02	
6.985100e-02	6.756500e-02	6.535100e-02	6.321300e-02	6.114700e-02	
5.915400e-02	5.723200e-02	5.538200e-02	5.360200e-02	5.189500e-02	
5.025700e-02	4.868900e-02	4.719100e-02	4.576300e-02	4.440200e-02	
4.311100e-02	4.188800e-02	4.073500e-02	3.964800e-02	3.862700e-02	
3.767200e-02	3.678100e-02	3.595200e-02	3.518300e-02	3.447400e-02	
3.381900e-02	3.321300e-02	3.265600e-02	3.213800e-02	3.165300e-02	
3.119300e-02	3.074800e-02	3.030600e-02	2.985000e-02	2.936700e-02	
2.883500e-02	2.823100e-02	2.752900e-02	2.669900e-02	2.570500e-02	
2.450800e-02	2.306800e-02	2.133500e-02	1.926300e-02	1.680700e-02	
1.393100e-02	1.062600e-02	6.958000e-03	3.221300e-03	3.870700e-04	

3.197000e-01	3.114500e-01	3.033700e-01	2.954500e-01	2.877200e-01	
2.801600e-01	2.727400e-01	2.654900e-01	2.584000e-01	2.514700e-01	
2.446800e-01	2.380500e-01	2.315600e-01	2.252200e-01	2.190200e-01	
2.129600e-01	2.070300e-01	2.012400e-01	1.955800e-01	1.900500e-01	
1.846400e-01	1.793600e-01	1.742100e-01	1.691700e-01	1.642500e-01	
1.594500e-01	1.547600e-01	1.501800e-01	1.457100e-01	1.413500e-01	
1.371000e-01	1.329500e-01	1.289000e-01	1.249500e-01	1.211100e-01	
1.173500e-01	1.137000e-01	1.101400e-01	1.066700e-01	1.032900e-01	
1.000100e-01	9.681100e-02	9.370000e-02	9.067400e-02	8.773400e-02	
8.487900e-02	8.210500e-02	7.941200e-02	7.679900e-02	7.426600e-02	
7.181400e-02	6.943800e-02	6.713700e-02	6.491500e-02	6.276800e-02	
6.069700e-02	5.870000e-02	5.677700e-02	5.492700e-02	5.315100e-02	
5.144900e-02	4.981800e-02	4.825900e-02	4.677200e-02	4.535500e-02	
4.400800e-02	4.273300e-02	4.152800e-02	4.039100e-02	3.932100e-02	
3.831900e-02	3.738200e-02	3.650600e-02	3.569200e-02	3.493800e-02	
3.423900e-02	3.358900e-02	3.298700e-02	3.242400e-02	3.189400e-02	
3.138600e-02	3.089300e-02	3.040200e-02	2.989600e-02	2.936000e-02	
2.877300e-02	2.811200e-02	2.735200e-02	2.646200e-02	2.540800e-02	
2.415200e-02	2.265300e-02	2.086700e-02	1.875100e-02	1.626300e-02	
1.337700e-02	1.009600e-02	6.504800e-03	2.929300e-03	3.485800e-04	

