-3.000000e+00   -2.969741e+00   -2.939482e+00   -2.909223e+00   -2.878964e+00   
-2.848705e+00   -2.818446e+00   -2.788187e+00   -2.757928e+00   -2.727670e+00   
-2.697411e+00   -2.667152e+00   -2.636893e+00   -2.606634e+00   -2.576375e+00   
-2.546116e+00   -2.515857e+00   -2.485598e+00   -2.455339e+00   -2.425080e+00   
-2.394821e+00   -2.364562e+00   -2.334303e+00   -2.304044e+00   -2.273785e+00   
-2.243526e+00   -2.213268e+00   -2.183009e+00   -2.152750e+00   -2.122491e+00   
-2.092232e+00   -2.061973e+00   -2.031714e+00   -2.001455e+00   -1.971196e+00   
-1.940937e+00   -1.910678e+00   -1.880419e+00   -1.850160e+00   -1.819901e+00   
-1.789642e+00   -1.759383e+00   -1.729124e+00   -1.698866e+00   -1.668607e+00   
-1.638348e+00   -1.608089e+00   -1.577830e+00   -1.547571e+00   -1.517312e+00   
-1.487053e+00   -1.456794e+00   -1.426535e+00   -1.396276e+00   -1.366017e+00   
-1.335758e+00   -1.305499e+00   -1.275240e+00   -1.244981e+00   -1.214722e+00   
-1.184464e+00   -1.154205e+00   -1.123946e+00   -1.093687e+00   -1.063428e+00   
-1.033169e+00   -1.002910e+00   -9.726509e-01   -9.423920e-01   -9.121330e-01   
-8.818741e-01   -8.516152e-01   -8.213562e-01   -7.910973e-01   -7.608383e-01   
-7.305794e-01   -7.003205e-01   -6.700615e-01   -6.398026e-01   -6.095436e-01   
-5.792847e-01   -5.490257e-01   -5.187668e-01   -4.885079e-01   -4.582489e-01   
-4.279900e-01   -3.977310e-01   -3.674721e-01   -3.372132e-01   -3.069542e-01   
-2.766953e-01   -2.464363e-01   -2.161774e-01   -1.859185e-01   -1.556595e-01   
-1.254006e-01   -9.514163e-02   -6.488269e-02   -3.462375e-02   -4.364805e-03

1.000000e+00	1.426867e+00	2.035949e+00	2.905029e+00	4.145090e+00	
5.914492e+00	8.439194e+00	1.204161e+01	1.718177e+01	2.451610e+01	
3.498122e+01	4.991354e+01	7.121999e+01	1.016215e+02	1.450003e+02	
2.068961e+02	2.952133e+02	4.212301e+02	6.010393e+02	8.576031e+02	
1.223686e+03	1.746037e+03	2.491362e+03	3.554842e+03	5.072287e+03	
7.237479e+03	1.032692e+04	1.473514e+04	2.102509e+04	3.000000e+04	

-8.940300e-02	-8.778600e-02	-8.614900e-02	-8.453100e-02	-8.291200e-02	
-8.129300e-02	-7.967200e-02	-7.807000e-02	-7.644800e-02	-7.482400e-02	
-7.321900e-02	-7.161200e-02	-6.998500e-02	-6.837400e-02	-6.676400e-02	
-6.515100e-02	-6.353600e-02	-6.191900e-02	-6.028000e-02	-5.867800e-02	
-5.707400e-02	-5.544800e-02	-5.381800e-02	-5.218600e-02	-5.056900e-02	
-4.893000e-02	-4.730600e-02	-4.567800e-02	-4.402700e-02	-4.239000e-02	
-4.074800e-02	-3.910100e-02	-3.744700e-02	-3.578700e-02	-3.414100e-02	
-3.246700e-02	-3.078600e-02	-2.911500e-02	-2.741700e-02	-2.568800e-02	
-2.396800e-02	-2.223700e-02	-2.049400e-02	-1.873800e-02	-1.694900e-02	
-1.514300e-02	-1.332100e-02	-1.146200e-02	-9.582800e-03	-7.682800e-03	
-5.760500e-03	-3.813800e-03	-1.803800e-03	2.377500e-04	2.310300e-03	
4.415300e-03	6.594500e-03	8.815400e-03	1.107900e-02	1.342700e-02	
1.582800e-02	1.830400e-02	2.084100e-02	2.348200e-02	2.619800e-02	
2.903100e-02	3.195600e-02	3.499500e-02	3.816100e-02	4.148400e-02	
4.494100e-02	4.856300e-02	5.236800e-02	5.639300e-02	6.064600e-02	
6.511400e-02	6.987700e-02	7.494200e-02	8.036600e-02	8.620200e-02	
9.249300e-02	9.931300e-02	1.067500e-01	1.149300e-01	1.239600e-01	
1.340500e-01	1.454400e-01	1.584800e-01	1.735700e-01	1.914100e-01	
2.129100e-01	2.395200e-01	2.736500e-01	3.193200e-01	3.840900e-01	
4.836800e-01	6.564200e-01	1.024400e+00	2.480500e+00	3.908100e-01	

5.919500e-02	5.979200e-02	6.039600e-02	6.099300e-02	6.159100e-02	
6.219000e-02	6.279000e-02	6.338400e-02	6.398600e-02	6.458900e-02	
6.518600e-02	6.578500e-02	6.639200e-02	6.699400e-02	6.759600e-02	
6.820100e-02	6.880800e-02	6.941700e-02	7.003600e-02	7.064200e-02	
7.125000e-02	7.186800e-02	7.249000e-02	7.311500e-02	7.373600e-02	
7.436700e-02	7.499500e-02	7.562700e-02	7.627000e-02	7.691200e-02	
7.755800e-02	7.821000e-02	7.886900e-02	7.953300e-02	8.019600e-02	
8.087500e-02	8.156100e-02	8.224800e-02	8.295200e-02	8.367300e-02	
8.439700e-02	8.513200e-02	8.588000e-02	8.664100e-02	8.742300e-02	
8.822000e-02	8.903500e-02	8.987400e-02	9.073200e-02	9.161100e-02	
9.251300e-02	9.343900e-02	9.440500e-02	9.540100e-02	9.642800e-02	
9.748700e-02	9.859700e-02	9.974700e-02	1.009400e-01	1.021900e-01	
1.035000e-01	1.048700e-01	1.062900e-01	1.078000e-01	1.093900e-01	
1.110600e-01	1.128300e-01	1.147000e-01	1.166800e-01	1.187900e-01	
1.210400e-01	1.234400e-01	1.260100e-01	1.287800e-01	1.317600e-01	
1.349700e-01	1.384500e-01	1.422300e-01	1.463600e-01	1.508900e-01	
1.558700e-01	1.613800e-01	1.675000e-01	1.743700e-01	1.821000e-01	
1.908900e-01	2.009900e-01	2.127000e-01	2.264600e-01	2.428900e-01	
2.628500e-01	2.876600e-01	3.194100e-01	3.615400e-01	4.202700e-01	
5.080100e-01	6.535100e-01	9.421800e-01	1.871200e+00	2.907200e-01	

2.112100e-01	2.107100e-01	2.102000e-01	2.097000e-01	2.092000e-01	
2.087000e-01	2.082000e-01	2.077000e-01	2.072100e-01	2.067200e-01	
2.062300e-01	2.057400e-01	2.052600e-01	2.047800e-01	2.043000e-01	
2.038200e-01	2.033500e-01	2.028800e-01	2.024200e-01	2.019500e-01	
2.014900e-01	2.010400e-01	2.005800e-01	2.001300e-01	1.996900e-01	
1.992500e-01	1.988100e-01	1.983800e-01	1.979600e-01	1.975400e-01	
1.971300e-01	1.967200e-01	1.963200e-01	1.959300e-01	1.955500e-01	
1.951700e-01	1.948000e-01	1.944400e-01	1.940900e-01	1.937500e-01	
1.934200e-01	1.931000e-01	1.927900e-01	1.925000e-01	1.922200e-01	
1.919600e-01	1.917100e-01	1.914700e-01	1.912600e-01	1.910700e-01	
1.908900e-01	1.907400e-01	1.906200e-01	1.905200e-01	1.904500e-01	
1.904100e-01	1.904000e-01	1.904300e-01	1.905100e-01	1.906200e-01	
1.907800e-01	1.910000e-01	1.912700e-01	1.916100e-01	1.920100e-01	
1.924900e-01	1.930500e-01	1.937100e-01	1.944700e-01	1.953400e-01	
1.963400e-01	1.974800e-01	1.987800e-01	2.002600e-01	2.019400e-01	
2.038400e-01	2.060100e-01	2.084700e-01	2.112700e-01	2.144500e-01	
2.180900e-01	2.222600e-01	2.270400e-01	2.325500e-01	2.389400e-01	
2.463900e-01	2.551300e-01	2.654700e-01	2.778200e-01	2.927500e-01	
3.110600e-01	3.339100e-01	3.630800e-01	4.014000e-01	4.537100e-01	
5.290600e-01	6.466300e-01	8.550400e-01	1.284600e+00	1.945600e-01	

3.977400e-01	3.952400e-01	3.927500e-01	3.902700e-01	3.878100e-01	
3.853500e-01	3.829100e-01	3.804900e-01	3.780700e-01	3.756700e-01	
3.732800e-01	3.709000e-01	3.685300e-01	3.661800e-01	3.638400e-01	
3.615100e-01	3.592000e-01	3.568900e-01	3.546000e-01	3.523300e-01	
3.500600e-01	3.478100e-01	3.455700e-01	3.433500e-01	3.411400e-01	
3.389400e-01	3.367500e-01	3.345800e-01	3.324300e-01	3.302900e-01	
3.281600e-01	3.260500e-01	3.239600e-01	3.218800e-01	3.198200e-01	
3.177700e-01	3.157400e-01	3.137300e-01	3.117300e-01	3.097400e-01	
3.077800e-01	3.058300e-01	3.039000e-01	3.019900e-01	3.001000e-01	
2.982300e-01	2.963800e-01	2.945500e-01	2.927400e-01	2.909600e-01	
2.892000e-01	2.874700e-01	2.857700e-01	2.840900e-01	2.824500e-01	
2.808400e-01	2.792700e-01	2.777300e-01	2.762400e-01	2.747800e-01	
2.733800e-01	2.720300e-01	2.707300e-01	2.695000e-01	2.683400e-01	
2.672400e-01	2.662400e-01	2.653200e-01	2.645000e-01	2.637900e-01	
2.632100e-01	2.627700e-01	2.624800e-01	2.623700e-01	2.624500e-01	
2.627600e-01	2.633300e-01	2.641800e-01	2.653700e-01	2.669500e-01	
2.689600e-01	2.715000e-01	2.746400e-01	2.784900e-01	2.831900e-01	
2.889000e-01	2.958400e-01	3.042900e-01	3.146000e-01	3.272700e-01	
3.429500e-01	3.625800e-01	3.875400e-01	4.199000e-01	4.629800e-01	
5.224300e-01	6.085500e-01	7.393200e-01	8.932800e-01	1.318900e-01	

6.186400e-01	6.131000e-01	6.075900e-01	6.021200e-01	5.966900e-01	
5.913000e-01	5.859400e-01	5.806100e-01	5.753300e-01	5.700800e-01	
5.648700e-01	5.596900e-01	5.545500e-01	5.494400e-01	5.443700e-01	
5.393300e-01	5.343300e-01	5.293700e-01	5.244400e-01	5.195400e-01	
5.146800e-01	5.098600e-01	5.050700e-01	5.003100e-01	4.955900e-01	
4.909100e-01	4.862600e-01	4.816400e-01	4.770600e-01	4.725200e-01	
4.680100e-01	4.635400e-01	4.591000e-01	4.547000e-01	4.503300e-01	
4.460000e-01	4.417000e-01	4.374400e-01	4.332100e-01	4.290100e-01	
4.248500e-01	4.207300e-01	4.166400e-01	4.125800e-01	4.085600e-01	
4.045800e-01	4.006400e-01	3.967300e-01	3.928500e-01	3.890200e-01	
3.852300e-01	3.814800e-01	3.777700e-01	3.741000e-01	3.704800e-01	
3.669000e-01	3.633700e-01	3.598900e-01	3.564600e-01	3.530900e-01	
3.497800e-01	3.465300e-01	3.433500e-01	3.402400e-01	3.372100e-01	
3.342600e-01	3.314000e-01	3.286500e-01	3.260000e-01	3.234700e-01	
3.210800e-01	3.188300e-01	3.167500e-01	3.148400e-01	3.131500e-01	
3.116800e-01	3.104700e-01	3.095500e-01	3.089600e-01	3.087600e-01	
3.089900e-01	3.097300e-01	3.110400e-01	3.130400e-01	3.158400e-01	
3.195800e-01	3.244500e-01	3.306800e-01	3.385600e-01	3.484800e-01	
3.609500e-01	3.766400e-01	3.965100e-01	4.219000e-01	4.547300e-01	
4.978100e-01	5.547300e-01	6.245800e-01	6.419400e-01	9.263500e-02	

8.685300e-01	8.589100e-01	8.493700e-01	8.399100e-01	8.305300e-01	
8.212300e-01	8.120000e-01	8.028600e-01	7.937900e-01	7.848000e-01	
7.758800e-01	7.670400e-01	7.582800e-01	7.495900e-01	7.409800e-01	
7.324400e-01	7.239700e-01	7.155800e-01	7.072600e-01	6.990100e-01	
6.908400e-01	6.827300e-01	6.747000e-01	6.667400e-01	6.588500e-01	
6.510300e-01	6.432800e-01	6.356000e-01	6.279900e-01	6.204500e-01	
6.129700e-01	6.055700e-01	5.982400e-01	5.909800e-01	5.837800e-01	
5.766500e-01	5.695800e-01	5.625800e-01	5.556500e-01	5.487700e-01	
5.419700e-01	5.352200e-01	5.285500e-01	5.219400e-01	5.153900e-01	
5.089000e-01	5.024800e-01	4.961200e-01	4.898300e-01	4.836100e-01	
4.774500e-01	4.713500e-01	4.653200e-01	4.593700e-01	4.534700e-01	
4.476500e-01	4.419000e-01	4.362300e-01	4.306300e-01	4.251100e-01	
4.196700e-01	4.143100e-01	4.090500e-01	4.038700e-01	3.988000e-01	
3.938300e-01	3.889700e-01	3.842400e-01	3.796300e-01	3.751600e-01	
3.708400e-01	3.666800e-01	3.627100e-01	3.589300e-01	3.553700e-01	
3.520500e-01	3.490000e-01	3.462500e-01	3.438400e-01	3.418000e-01	
3.402000e-01	3.390900e-01	3.385300e-01	3.386200e-01	3.394400e-01	
3.411300e-01	3.438400e-01	3.477300e-01	3.530300e-01	3.600300e-01	
3.690800e-01	3.806200e-01	3.952200e-01	4.135900e-01	4.365500e-01	
4.647800e-01	4.974700e-01	5.241900e-01	4.760900e-01	6.733400e-02	

1.141700e+00	1.127100e+00	1.112500e+00	1.098200e+00	1.083900e+00	
1.069800e+00	1.055900e+00	1.042100e+00	1.028400e+00	1.014800e+00	
1.001400e+00	9.881700e-01	9.750300e-01	9.620200e-01	9.491400e-01	
9.363900e-01	9.237800e-01	9.112800e-01	8.989200e-01	8.866900e-01	
8.745700e-01	8.625900e-01	8.507200e-01	8.389800e-01	8.273600e-01	
8.158600e-01	8.044800e-01	7.932200e-01	7.820800e-01	7.710600e-01	
7.601500e-01	7.493700e-01	7.386900e-01	7.281400e-01	7.176900e-01	
7.073500e-01	6.971300e-01	6.870100e-01	6.770000e-01	6.671000e-01	
6.573000e-01	6.476100e-01	6.380300e-01	6.285500e-01	6.191800e-01	
6.099100e-01	6.007400e-01	5.916800e-01	5.827200e-01	5.738600e-01	
5.651100e-01	5.564500e-01	5.479000e-01	5.394600e-01	5.311100e-01	
5.228800e-01	5.147400e-01	5.067200e-01	4.988100e-01	4.910000e-01	
4.833100e-01	4.757400e-01	4.682900e-01	4.609600e-01	4.537600e-01	
4.466900e-01	4.397700e-01	4.329900e-01	4.263700e-01	4.199100e-01	
4.136400e-01	4.075500e-01	4.016600e-01	3.960000e-01	3.905700e-01	
3.854100e-01	3.805300e-01	3.759600e-01	3.717400e-01	3.678900e-01	
3.644800e-01	3.615400e-01	3.591400e-01	3.573400e-01	3.562200e-01	
3.558700e-01	3.564200e-01	3.579900e-01	3.607300e-01	3.648400e-01	
3.705200e-01	3.780200e-01	3.875800e-01	3.994200e-01	4.135200e-01	
4.291300e-01	4.428300e-01	4.403600e-01	3.621500e-01	5.030600e-02	

1.435600e+00	1.414900e+00	1.394400e+00	1.374200e+00	1.354200e+00	
1.334400e+00	1.314800e+00	1.295500e+00	1.276400e+00	1.257500e+00	
1.238800e+00	1.220300e+00	1.202000e+00	1.184000e+00	1.166100e+00	
1.148500e+00	1.131100e+00	1.113800e+00	1.096800e+00	1.080000e+00	
1.063300e+00	1.046900e+00	1.030600e+00	1.014600e+00	9.987100e-01	
9.830300e-01	9.675400e-01	9.522300e-01	9.371000e-01	9.221600e-01	
9.074000e-01	8.928200e-01	8.784100e-01	8.641800e-01	8.501200e-01	
8.362300e-01	8.225100e-01	8.089500e-01	7.955600e-01	7.823300e-01	
7.692700e-01	7.563600e-01	7.436200e-01	7.310300e-01	7.186100e-01	
7.063300e-01	6.942100e-01	6.822400e-01	6.704300e-01	6.587700e-01	
6.472600e-01	6.359000e-01	6.246900e-01	6.136300e-01	6.027100e-01	
5.919500e-01	5.813400e-01	5.708800e-01	5.605700e-01	5.504100e-01	
5.404100e-01	5.305700e-01	5.208900e-01	5.113700e-01	5.020200e-01	
4.928500e-01	4.838500e-01	4.750400e-01	4.664100e-01	4.579900e-01	
4.497800e-01	4.417900e-01	4.340400e-01	4.265300e-01	4.192900e-01	
4.123300e-01	4.056800e-01	3.993600e-01	3.933900e-01	3.878200e-01	
3.826700e-01	3.779800e-01	3.738100e-01	3.702100e-01	3.672300e-01	
3.649500e-01	3.634400e-01	3.627900e-01	3.631000e-01	3.644800e-01	
3.670100e-01	3.707800e-01	3.757900e-01	3.818900e-01	3.885200e-01	
3.940700e-01	3.938600e-01	3.731900e-01	2.843800e-01	3.891500e-02	

1.740600e+00	1.713300e+00	1.686300e+00	1.659600e+00	1.633300e+00	
1.607300e+00	1.581600e+00	1.556200e+00	1.531100e+00	1.506400e+00	
1.481900e+00	1.457800e+00	1.434000e+00	1.410500e+00	1.387200e+00	
1.364300e+00	1.341700e+00	1.319300e+00	1.297200e+00	1.275500e+00	
1.254000e+00	1.232700e+00	1.211800e+00	1.191100e+00	1.170700e+00	
1.150500e+00	1.130700e+00	1.111000e+00	1.091700e+00	1.072600e+00	
1.053700e+00	1.035100e+00	1.016800e+00	9.986700e-01	9.808100e-01	
9.631800e-01	9.457800e-01	9.286200e-01	9.116900e-01	8.949900e-01	
8.785100e-01	8.622600e-01	8.462300e-01	8.304200e-01	8.148200e-01	
7.994400e-01	7.842700e-01	7.693100e-01	7.545700e-01	7.400200e-01	
7.256900e-01	7.115600e-01	6.976300e-01	6.839000e-01	6.703800e-01	
6.570600e-01	6.439300e-01	6.310100e-01	6.182900e-01	6.057700e-01	
5.934500e-01	5.813400e-01	5.694300e-01	5.577300e-01	5.462400e-01	
5.349700e-01	5.239200e-01	5.130900e-01	5.025000e-01	4.921500e-01	
4.820400e-01	4.721900e-01	4.626100e-01	4.533100e-01	4.443000e-01	
4.356100e-01	4.272400e-01	4.192300e-01	4.115900e-01	4.043400e-01	
3.975200e-01	3.911600e-01	3.852900e-01	3.799600e-01	3.752000e-01	
3.710600e-01	3.675800e-01	3.648300e-01	3.628300e-01	3.616200e-01	
3.611900e-01	3.614900e-01	3.623300e-01	3.632700e-01	3.633500e-01	
3.603900e-01	3.491200e-01	3.155300e-01	2.232900e-01	3.007800e-02	

2.057900e+00	2.023200e+00	1.988900e+00	1.955100e+00	1.921800e+00	
1.888900e+00	1.856400e+00	1.824400e+00	1.792800e+00	1.761600e+00	
1.730900e+00	1.700600e+00	1.670700e+00	1.641100e+00	1.612100e+00	
1.583400e+00	1.555100e+00	1.527200e+00	1.499600e+00	1.472500e+00	
1.445700e+00	1.419400e+00	1.393300e+00	1.367700e+00	1.342400e+00	
1.317500e+00	1.292900e+00	1.268700e+00	1.244800e+00	1.221300e+00	
1.198100e+00	1.175200e+00	1.152700e+00	1.130500e+00	1.108600e+00	
1.087100e+00	1.065800e+00	1.044900e+00	1.024300e+00	1.003900e+00	
9.838900e-01	9.641500e-01	9.447100e-01	9.255600e-01	9.067000e-01	
8.881100e-01	8.698000e-01	8.517700e-01	8.340200e-01	8.165400e-01	
7.993200e-01	7.823700e-01	7.656900e-01	7.492700e-01	7.331000e-01	
7.172000e-01	7.015500e-01	6.861600e-01	6.710300e-01	6.561500e-01	
6.415300e-01	6.271600e-01	6.130500e-01	5.992000e-01	5.856100e-01	
5.722900e-01	5.592300e-01	5.464400e-01	5.339400e-01	5.217100e-01	
5.097700e-01	4.981300e-01	4.867900e-01	4.757800e-01	4.650900e-01	
4.547400e-01	4.447400e-01	4.351200e-01	4.258900e-01	4.170700e-01	
4.086700e-01	4.007400e-01	3.932800e-01	3.863200e-01	3.798900e-01	
3.740200e-01	3.687100e-01	3.640000e-01	3.598600e-01	3.562800e-01	
3.531700e-01	3.503600e-01	3.475300e-01	3.440600e-01	3.387300e-01	
3.290900e-01	3.098200e-01	2.685100e-01	1.784600e-01	2.369800e-02	

2.384900e+00	2.342100e+00	2.299900e+00	2.258300e+00	2.217400e+00	
2.177000e+00	2.137200e+00	2.097900e+00	2.059300e+00	2.021200e+00	
1.983600e+00	1.946600e+00	1.910200e+00	1.874200e+00	1.838800e+00	
1.804000e+00	1.769600e+00	1.735800e+00	1.702400e+00	1.669600e+00	
1.637300e+00	1.605400e+00	1.574000e+00	1.543100e+00	1.512700e+00	
1.482700e+00	1.453200e+00	1.424200e+00	1.395500e+00	1.367400e+00	
1.339600e+00	1.312300e+00	1.285500e+00	1.259000e+00	1.233000e+00	
1.207300e+00	1.182100e+00	1.157200e+00	1.132800e+00	1.108700e+00	
1.085000e+00	1.061700e+00	1.038800e+00	1.016200e+00	9.940200e-01	
9.721700e-01	9.506800e-01	9.295400e-01	9.087500e-01	8.883000e-01	
8.681800e-01	8.484100e-01	8.289600e-01	8.098400e-01	7.910400e-01	
7.725700e-01	7.544200e-01	7.365900e-01	7.190700e-01	7.018700e-01	
6.849800e-01	6.684000e-01	6.521400e-01	6.362000e-01	6.205600e-01	
6.052500e-01	5.902500e-01	5.755700e-01	5.612200e-01	5.471900e-01	
5.335000e-01	5.201500e-01	5.071500e-01	4.945000e-01	4.822200e-01	
4.703000e-01	4.587800e-01	4.476500e-01	4.369300e-01	4.266300e-01	
4.167800e-01	4.073700e-01	3.984300e-01	3.899700e-01	3.820000e-01	
3.745200e-01	3.675400e-01	3.610300e-01	3.549600e-01	3.492400e-01	
3.437300e-01	3.382000e-01	3.322100e-01	3.250300e-01	3.153200e-01	
3.005700e-01	2.757300e-01	2.302600e-01	1.450700e-01	1.902000e-02	

2.718800e+00	2.667300e+00	2.616700e+00	2.566800e+00	2.517700e+00	
2.469300e+00	2.421600e+00	2.374700e+00	2.328600e+00	2.283100e+00	
2.238300e+00	2.194300e+00	2.150900e+00	2.108200e+00	2.066200e+00	
2.024800e+00	1.984100e+00	1.944000e+00	1.904600e+00	1.865700e+00	
1.827500e+00	1.790000e+00	1.753000e+00	1.716600e+00	1.680800e+00	
1.645600e+00	1.611000e+00	1.576900e+00	1.543400e+00	1.510400e+00	
1.478000e+00	1.446100e+00	1.414700e+00	1.383900e+00	1.353600e+00	
1.323800e+00	1.294400e+00	1.265600e+00	1.237300e+00	1.209400e+00	
1.182000e+00	1.155100e+00	1.128600e+00	1.102600e+00	1.077000e+00	
1.051900e+00	1.027200e+00	1.002900e+00	9.791200e-01	9.557000e-01	
9.326900e-01	9.101000e-01	8.879000e-01	8.661100e-01	8.447100e-01	
8.237100e-01	8.030800e-01	7.828500e-01	7.630000e-01	7.435200e-01	
7.244200e-01	7.057000e-01	6.873400e-01	6.693600e-01	6.517500e-01	
6.345100e-01	6.176400e-01	6.011500e-01	5.850400e-01	5.693000e-01	
5.539400e-01	5.389600e-01	5.243800e-01	5.101900e-01	4.964000e-01	
4.830200e-01	4.700600e-01	4.575100e-01	4.454000e-01	4.337300e-01	
4.225100e-01	4.117400e-01	4.014300e-01	3.915800e-01	3.821900e-01	
3.732500e-01	3.647300e-01	3.565900e-01	3.487600e-01	3.411200e-01	
3.334900e-01	3.255800e-01	3.168800e-01	3.066000e-01	2.933600e-01	
2.747200e-01	2.460800e-01	1.987100e-01	1.194500e-01	1.547600e-02	

3.057700e+00	2.997100e+00	2.937500e+00	2.878800e+00	2.821100e+00	
2.764300e+00	2.708400e+00	2.653400e+00	2.599300e+00	2.546100e+00	
2.493800e+00	2.442300e+00	2.391700e+00	2.341900e+00	2.293000e+00	
2.244800e+00	2.197500e+00	2.150900e+00	2.105100e+00	2.060100e+00	
2.015900e+00	1.972400e+00	1.929600e+00	1.887600e+00	1.846300e+00	
1.805600e+00	1.765700e+00	1.726500e+00	1.688000e+00	1.650100e+00	
1.612900e+00	1.576300e+00	1.540400e+00	1.505100e+00	1.470400e+00	
1.436400e+00	1.402900e+00	1.370000e+00	1.337800e+00	1.306000e+00	
1.274900e+00	1.244300e+00	1.214300e+00	1.184900e+00	1.155900e+00	
1.127500e+00	1.099600e+00	1.072300e+00	1.045400e+00	1.019000e+00	
9.931600e-01	9.677700e-01	9.428700e-01	9.184400e-01	8.944800e-01	
8.709900e-01	8.479500e-01	8.253700e-01	8.032300e-01	7.815400e-01	
7.602900e-01	7.394800e-01	7.191100e-01	6.991600e-01	6.796500e-01	
6.605600e-01	6.419100e-01	6.236800e-01	6.058800e-01	5.885000e-01	
5.715600e-01	5.550400e-01	5.389600e-01	5.233200e-01	5.081200e-01	
4.933600e-01	4.790500e-01	4.651900e-01	4.517800e-01	4.388300e-01	
4.263500e-01	4.143100e-01	4.027400e-01	3.916100e-01	3.809200e-01	
3.706300e-01	3.607100e-01	3.510900e-01	3.416800e-01	3.323300e-01	
3.228400e-01	3.128500e-01	3.018400e-01	2.890000e-01	2.729400e-01	
2.513800e-01	2.202200e-01	1.724500e-01	9.939100e-02	1.273600e-02	

3.400100e+00	3.329900e+00	3.260900e+00	3.193000e+00	3.126300e+00	
3.060700e+00	2.996200e+00	2.932800e+00	2.870500e+00	2.809300e+00	
2.749100e+00	2.689900e+00	2.631800e+00	2.574600e+00	2.518500e+00	
2.463300e+00	2.409100e+00	2.355900e+00	2.303600e+00	2.252200e+00	
2.201700e+00	2.152100e+00	2.103400e+00	2.055600e+00	2.008600e+00	
1.962500e+00	1.917200e+00	1.872700e+00	1.829000e+00	1.786200e+00	
1.744100e+00	1.702800e+00	1.662200e+00	1.622400e+00	1.583300e+00	
1.545000e+00	1.507400e+00	1.470400e+00	1.434200e+00	1.398700e+00	
1.363800e+00	1.329600e+00	1.296000e+00	1.263100e+00	1.230800e+00	
1.199100e+00	1.168100e+00	1.137600e+00	1.107800e+00	1.078500e+00	
1.049800e+00	1.021700e+00	9.940900e-01	9.670800e-01	9.406100e-01	
9.146900e-01	8.892900e-01	8.644200e-01	8.400700e-01	8.162300e-01	
7.929000e-01	7.700800e-01	7.477500e-01	7.259200e-01	7.045800e-01	
6.837300e-01	6.633600e-01	6.434700e-01	6.240700e-01	6.051500e-01	
5.867000e-01	5.687400e-01	5.512500e-01	5.342400e-01	5.177100e-01	
5.016600e-01	4.860900e-01	4.710000e-01	4.564000e-01	4.422600e-01	
4.286100e-01	4.154100e-01	4.026700e-01	3.903700e-01	3.784900e-01	
3.669700e-01	3.557800e-01	3.448300e-01	3.340100e-01	3.231500e-01	
3.120200e-01	3.002500e-01	2.873000e-01	2.723400e-01	2.540800e-01	
2.303800e-01	1.977100e-01	1.505200e-01	8.353300e-02	1.059400e-02	

3.744800e+00	3.664600e+00	3.585800e+00	3.508300e+00	3.432300e+00	
3.357500e+00	3.284100e+00	3.212000e+00	3.141200e+00	3.071600e+00	
3.003300e+00	2.936200e+00	2.870300e+00	2.805600e+00	2.742100e+00	
2.679800e+00	2.618500e+00	2.558400e+00	2.499400e+00	2.441500e+00	
2.384600e+00	2.328900e+00	2.274100e+00	2.220400e+00	2.167600e+00	
2.115900e+00	2.065100e+00	2.015300e+00	1.966500e+00	1.918600e+00	
1.871600e+00	1.825500e+00	1.780200e+00	1.735900e+00	1.692400e+00	
1.649800e+00	1.608000e+00	1.567000e+00	1.526800e+00	1.487400e+00	
1.448800e+00	1.410900e+00	1.373800e+00	1.337500e+00	1.301900e+00	
1.267000e+00	1.232800e+00	1.199300e+00	1.166500e+00	1.134300e+00	
1.102900e+00	1.072100e+00	1.041900e+00	1.012300e+00	9.834200e-01	
9.551300e-01	9.274400e-01	9.003500e-01	8.738500e-01	8.479400e-01	
8.226000e-01	7.978300e-01	7.736300e-01	7.499900e-01	7.269000e-01	
7.043600e-01	6.823600e-01	6.609000e-01	6.399700e-01	6.195800e-01	
5.997200e-01	5.803800e-01	5.615700e-01	5.432800e-01	5.255100e-01	
5.082500e-01	4.915100e-01	4.752800e-01	4.595500e-01	4.443200e-01	
4.295800e-01	4.153200e-01	4.015100e-01	3.881400e-01	3.751600e-01	
3.625400e-01	3.502000e-01	3.380600e-01	3.259800e-01	3.137900e-01	
3.012200e-01	2.879200e-01	2.733400e-01	2.566700e-01	2.366900e-01	
2.114800e-01	1.780200e-01	1.320600e-01	7.082100e-02	8.895800e-03	

4.090600e+00	4.000000e+00	3.911100e+00	3.823800e+00	3.738100e+00	
3.654000e+00	3.571400e+00	3.490400e+00	3.410800e+00	3.332700e+00	
3.256000e+00	3.180800e+00	3.107000e+00	3.034600e+00	2.963500e+00	
2.893800e+00	2.825400e+00	2.758300e+00	2.692500e+00	2.627900e+00	
2.564600e+00	2.502500e+00	2.441600e+00	2.381900e+00	2.323400e+00	
2.266000e+00	2.209700e+00	2.154500e+00	2.100400e+00	2.047400e+00	
1.995500e+00	1.944600e+00	1.894700e+00	1.845800e+00	1.797900e+00	
1.750900e+00	1.705000e+00	1.659900e+00	1.615800e+00	1.572600e+00	
1.530200e+00	1.488800e+00	1.448200e+00	1.408500e+00	1.369600e+00	
1.331500e+00	1.294200e+00	1.257700e+00	1.222000e+00	1.187000e+00	
1.152800e+00	1.119400e+00	1.086600e+00	1.054600e+00	1.023300e+00	
9.927400e-01	9.628200e-01	9.335800e-01	9.050000e-01	8.770800e-01	
8.498100e-01	8.231700e-01	7.971700e-01	7.717800e-01	7.470100e-01	
7.228600e-01	6.993000e-01	6.763400e-01	6.539700e-01	6.321800e-01	
6.109800e-01	5.903400e-01	5.702800e-01	5.507800e-01	5.318400e-01	
5.134600e-01	4.956200e-01	4.783200e-01	4.615600e-01	4.453100e-01	
4.295700e-01	4.143200e-01	3.995300e-01	3.851700e-01	3.712000e-01	
3.575600e-01	3.441800e-01	3.309600e-01	3.177600e-01	3.043800e-01	
2.905700e-01	2.759500e-01	2.600000e-01	2.419300e-01	2.206200e-01	
1.943600e-01	1.606400e-01	1.162700e-01	6.037900e-02	7.513500e-03	

4.436800e+00	4.335600e+00	4.236300e+00	4.138800e+00	4.043200e+00	
3.949500e+00	3.857500e+00	3.767200e+00	3.678700e+00	3.591800e+00	
3.506700e+00	3.423200e+00	3.341300e+00	3.261000e+00	3.182200e+00	
3.105000e+00	3.029300e+00	2.955100e+00	2.882400e+00	2.811100e+00	
2.741200e+00	2.672800e+00	2.605700e+00	2.539900e+00	2.475500e+00	
2.412400e+00	2.350600e+00	2.290000e+00	2.230700e+00	2.172600e+00	
2.115600e+00	2.059900e+00	2.005300e+00	1.951900e+00	1.899600e+00	
1.848400e+00	1.798200e+00	1.749100e+00	1.701100e+00	1.654100e+00	
1.608100e+00	1.563100e+00	1.519000e+00	1.475900e+00	1.433800e+00	
1.392500e+00	1.352200e+00	1.312800e+00	1.274200e+00	1.236500e+00	
1.199700e+00	1.163600e+00	1.128400e+00	1.094000e+00	1.060400e+00	
1.027600e+00	9.955000e-01	9.641700e-01	9.335900e-01	9.037300e-01	
8.745900e-01	8.461600e-01	8.184300e-01	7.913800e-01	7.650100e-01	
7.393100e-01	7.142700e-01	6.898900e-01	6.661500e-01	6.430500e-01	
6.205700e-01	5.987200e-01	5.774900e-01	5.568600e-01	5.368300e-01	
5.173900e-01	4.985300e-01	4.802500e-01	4.625200e-01	4.453300e-01	
4.286700e-01	4.125100e-01	3.968200e-01	3.815600e-01	3.666900e-01	
3.521300e-01	3.378200e-01	3.236400e-01	3.094400e-01	2.950400e-01	
2.801500e-01	2.644200e-01	2.473300e-01	2.281600e-01	2.058700e-01	
1.789700e-01	1.453900e-01	1.028500e-01	5.186800e-02	6.398000e-03	

4.782500e+00	4.670400e+00	4.560500e+00	4.452700e+00	4.346900e+00	
4.243300e+00	4.141700e+00	4.042000e+00	3.944400e+00	3.848600e+00	
3.754800e+00	3.662800e+00	3.572700e+00	3.484400e+00	3.397900e+00	
3.313100e+00	3.230000e+00	3.148700e+00	3.068900e+00	2.990900e+00	
2.914400e+00	2.839500e+00	2.766100e+00	2.694300e+00	2.624000e+00	
2.555100e+00	2.487700e+00	2.421700e+00	2.357100e+00	2.293900e+00	
2.232100e+00	2.171500e+00	2.112300e+00	2.054300e+00	1.997600e+00	
1.942100e+00	1.887900e+00	1.834800e+00	1.782900e+00	1.732100e+00	
1.682500e+00	1.633900e+00	1.586500e+00	1.540100e+00	1.494700e+00	
1.450400e+00	1.407100e+00	1.364800e+00	1.323500e+00	1.283100e+00	
1.243600e+00	1.205100e+00	1.167500e+00	1.130700e+00	1.094800e+00	
1.059800e+00	1.025700e+00	9.923400e-01	9.598200e-01	9.281100e-01	
8.971800e-01	8.670300e-01	8.376400e-01	8.090000e-01	7.811000e-01	
7.539400e-01	7.274900e-01	7.017600e-01	6.767200e-01	6.523800e-01	
6.287100e-01	6.057100e-01	5.833800e-01	5.616900e-01	5.406400e-01	
5.202200e-01	5.004200e-01	4.812200e-01	4.626000e-01	4.445500e-01	
4.270400e-01	4.100500e-01	3.935300e-01	3.774600e-01	3.617700e-01	
3.463900e-01	3.312500e-01	3.162100e-01	3.011400e-01	2.858300e-01	
2.700300e-01	2.533600e-01	2.353500e-01	2.153200e-01	1.923400e-01	
1.651100e-01	1.319700e-01	9.140000e-02	4.486300e-02	5.488100e-03	

5.127300e+00	5.004100e+00	4.883200e+00	4.764800e+00	4.648800e+00	
4.535100e+00	4.423700e+00	4.314500e+00	4.207600e+00	4.102800e+00	
4.000200e+00	3.899700e+00	3.801200e+00	3.704800e+00	3.610400e+00	
3.518000e+00	3.427500e+00	3.338800e+00	3.252100e+00	3.167200e+00	
3.084000e+00	3.002700e+00	2.923000e+00	2.845100e+00	2.768900e+00	
2.694300e+00	2.621300e+00	2.549900e+00	2.480000e+00	2.411700e+00	
2.344900e+00	2.279600e+00	2.215700e+00	2.153300e+00	2.092200e+00	
2.032500e+00	1.974100e+00	1.917100e+00	1.861300e+00	1.806900e+00	
1.753600e+00	1.701600e+00	1.650800e+00	1.601200e+00	1.552700e+00	
1.505400e+00	1.459100e+00	1.414000e+00	1.369900e+00	1.326900e+00	
1.284900e+00	1.244000e+00	1.204000e+00	1.165000e+00	1.126900e+00	
1.089800e+00	1.053600e+00	1.018400e+00	9.839800e-01	9.504700e-01	
9.178200e-01	8.860200e-01	8.550500e-01	8.248900e-01	7.955400e-01	
7.669800e-01	7.392000e-01	7.121800e-01	6.859200e-01	6.604000e-01	
6.356100e-01	6.115300e-01	5.881600e-01	5.654800e-01	5.434800e-01	
5.221500e-01	5.014600e-01	4.814100e-01	4.619700e-01	4.431200e-01	
4.248300e-01	4.070700e-01	3.898100e-01	3.729900e-01	3.565600e-01	
3.404400e-01	3.245400e-01	3.087500e-01	2.929100e-01	2.768200e-01	
2.602300e-01	2.427900e-01	2.240300e-01	2.033400e-01	1.798900e-01	
1.525700e-01	1.200900e-01	8.151900e-02	3.901600e-02	4.735100e-03	

5.470600e+00	5.335900e+00	5.204100e+00	5.074900e+00	4.948400e+00	
4.824500e+00	4.703100e+00	4.584300e+00	4.468000e+00	4.354000e+00	
4.242500e+00	4.133400e+00	4.026500e+00	3.921900e+00	3.819600e+00	
3.719400e+00	3.621400e+00	3.525500e+00	3.431600e+00	3.339800e+00	
3.250000e+00	3.162200e+00	3.076300e+00	2.992300e+00	2.910100e+00	
2.829800e+00	2.751200e+00	2.674400e+00	2.599300e+00	2.525900e+00	
2.454200e+00	2.384100e+00	2.315600e+00	2.248700e+00	2.183300e+00	
2.119400e+00	2.057000e+00	1.996100e+00	1.936500e+00	1.878400e+00	
1.821600e+00	1.766200e+00	1.712100e+00	1.659300e+00	1.607800e+00	
1.557400e+00	1.508400e+00	1.460500e+00	1.413700e+00	1.368200e+00	
1.323700e+00	1.280400e+00	1.238100e+00	1.196900e+00	1.156800e+00	
1.117600e+00	1.079500e+00	1.042400e+00	1.006200e+00	9.709600e-01	
9.366500e-01	9.032700e-01	8.707800e-01	8.391800e-01	8.084400e-01	
7.785500e-01	7.495000e-01	7.212700e-01	6.938500e-01	6.672200e-01	
6.413700e-01	6.162800e-01	5.919400e-01	5.683300e-01	5.454500e-01	
5.232600e-01	5.017600e-01	4.809200e-01	4.607200e-01	4.411300e-01	
4.221300e-01	4.036700e-01	3.857200e-01	3.682300e-01	3.511300e-01	
3.343500e-01	3.177800e-01	3.013200e-01	2.848100e-01	2.680500e-01	
2.507900e-01	2.327000e-01	2.133600e-01	1.921900e-01	1.684600e-01	
1.412500e-01	1.095700e-01	7.299300e-02	3.412600e-02	4.110500e-03	

5.811500e+00	5.665300e+00	5.522200e+00	5.382100e+00	5.244900e+00	
5.110600e+00	4.979200e+00	4.850600e+00	4.724800e+00	4.601600e+00	
4.481100e+00	4.363200e+00	4.247900e+00	4.135100e+00	4.024700e+00	
3.916800e+00	3.811200e+00	3.708000e+00	3.607100e+00	3.508400e+00	
3.411900e+00	3.317600e+00	3.225400e+00	3.135200e+00	3.047200e+00	
2.961100e+00	2.877000e+00	2.794800e+00	2.714600e+00	2.636100e+00	
2.559500e+00	2.484700e+00	2.411700e+00	2.340300e+00	2.270700e+00	
2.202700e+00	2.136300e+00	2.071500e+00	2.008200e+00	1.946500e+00	
1.886300e+00	1.827500e+00	1.770200e+00	1.714200e+00	1.659700e+00	
1.606500e+00	1.554600e+00	1.504000e+00	1.454700e+00	1.406700e+00	
1.359900e+00	1.314200e+00	1.269800e+00	1.226500e+00	1.184300e+00	
1.143200e+00	1.103200e+00	1.064300e+00	1.026400e+00	9.894900e-01	
9.536200e-01	9.187300e-01	8.848000e-01	8.518300e-01	8.197800e-01	
7.886400e-01	7.583900e-01	7.290200e-01	7.005100e-01	6.728400e-01	
6.460000e-01	6.199700e-01	5.947300e-01	5.702700e-01	5.465600e-01	
5.235900e-01	5.013400e-01	4.797800e-01	4.588800e-01	4.386300e-01	
4.189800e-01	3.998900e-01	3.813300e-01	3.632300e-01	3.455400e-01	
3.281700e-01	3.110200e-01	2.939800e-01	2.769000e-01	2.595700e-01	
2.417700e-01	2.231700e-01	2.033900e-01	1.819000e-01	1.580800e-01	
1.311500e-01	1.003800e-01	6.573600e-02	3.009600e-02	3.600300e-03	

6.150600e+00	5.992800e+00	5.838300e+00	5.687200e+00	5.539300e+00	
5.394600e+00	5.253000e+00	5.114600e+00	4.979200e+00	4.846700e+00	
4.717200e+00	4.590500e+00	4.466700e+00	4.345600e+00	4.227200e+00	
4.111500e+00	3.998400e+00	3.887800e+00	3.779800e+00	3.674200e+00	
3.571000e+00	3.470200e+00	3.371700e+00	3.275500e+00	3.181600e+00	
3.089800e+00	3.000200e+00	2.912700e+00	2.827200e+00	2.743800e+00	
2.662300e+00	2.582800e+00	2.505300e+00	2.429500e+00	2.355700e+00	
2.283600e+00	2.213200e+00	2.144600e+00	2.077700e+00	2.012400e+00	
1.948800e+00	1.886700e+00	1.826200e+00	1.767200e+00	1.709700e+00	
1.653700e+00	1.599100e+00	1.545900e+00	1.494000e+00	1.443500e+00	
1.394400e+00	1.346500e+00	1.299900e+00	1.254500e+00	1.210300e+00	
1.167400e+00	1.125500e+00	1.084900e+00	1.045300e+00	1.006900e+00	
9.694600e-01	9.331200e-01	8.978000e-01	8.635000e-01	8.301800e-01	
7.978400e-01	7.664400e-01	7.359800e-01	7.064300e-01	6.777700e-01	
6.499800e-01	6.230500e-01	5.969600e-01	5.716800e-01	5.471900e-01	
5.234800e-01	5.005200e-01	4.782700e-01	4.567300e-01	4.358400e-01	
4.155900e-01	3.959100e-01	3.767800e-01	3.581200e-01	3.398800e-01	
3.219700e-01	3.043000e-01	2.867300e-01	2.691300e-01	2.513100e-01	
2.330300e-01	2.140000e-01	1.938700e-01	1.721600e-01	1.483200e-01	
1.217500e-01	9.194200e-02	5.918400e-02	2.652900e-02	3.151100e-03	

6.488400e+00	6.318800e+00	6.152900e+00	5.990700e+00	5.832000e+00	
5.676800e+00	5.525100e+00	5.376700e+00	5.231700e+00	5.089900e+00	
4.951400e+00	4.815900e+00	4.683500e+00	4.554100e+00	4.427700e+00	
4.304200e+00	4.183500e+00	4.065600e+00	3.950500e+00	3.838000e+00	
3.728100e+00	3.620900e+00	3.516100e+00	3.413800e+00	3.314000e+00	
3.216600e+00	3.121400e+00	3.028600e+00	2.938000e+00	2.849600e+00	
2.763300e+00	2.679200e+00	2.597000e+00	2.517000e+00	2.438900e+00	
2.362800e+00	2.288500e+00	2.216100e+00	2.145500e+00	2.076800e+00	
2.009700e+00	1.944400e+00	1.880700e+00	1.818700e+00	1.758300e+00	
1.699500e+00	1.642200e+00	1.586400e+00	1.532100e+00	1.479200e+00	
1.427700e+00	1.377600e+00	1.328900e+00	1.281500e+00	1.235400e+00	
1.190600e+00	1.147000e+00	1.104600e+00	1.063400e+00	1.023400e+00	
9.845000e-01	9.467400e-01	9.100700e-01	8.744800e-01	8.399300e-01	
8.064200e-01	7.739100e-01	7.423800e-01	7.118200e-01	6.822000e-01	
6.535000e-01	6.257000e-01	5.987800e-01	5.727100e-01	5.474800e-01	
5.230500e-01	4.994100e-01	4.765200e-01	4.543500e-01	4.328600e-01	
4.120300e-01	3.918000e-01	3.721200e-01	3.529400e-01	3.341800e-01	
3.157700e-01	2.976000e-01	2.795500e-01	2.614700e-01	2.431900e-01	
2.244900e-01	2.050900e-01	1.846600e-01	1.627900e-01	1.390100e-01	
1.128600e-01	8.403600e-02	5.312100e-02	2.327800e-02	2.743600e-03	

6.826200e+00	6.644800e+00	6.467500e+00	6.294200e+00	6.124700e+00	
5.959100e+00	5.797200e+00	5.638900e+00	5.484300e+00	5.333100e+00	
5.185500e+00	5.041300e+00	4.900300e+00	4.762700e+00	4.628200e+00	
4.496900e+00	4.368700e+00	4.243400e+00	4.121200e+00	4.001800e+00	
3.885300e+00	3.771500e+00	3.660500e+00	3.552200e+00	3.446500e+00	
3.343300e+00	3.242700e+00	3.144500e+00	3.048700e+00	2.955400e+00	
2.864200e+00	2.775500e+00	2.688800e+00	2.604400e+00	2.522200e+00	
2.442000e+00	2.363800e+00	2.287600e+00	2.213400e+00	2.141100e+00	
2.070700e+00	2.002100e+00	1.935300e+00	1.870200e+00	1.806900e+00	
1.745300e+00	1.685300e+00	1.626900e+00	1.570100e+00	1.514800e+00	
1.461100e+00	1.408800e+00	1.358000e+00	1.308500e+00	1.260500e+00	
1.213800e+00	1.168400e+00	1.124300e+00	1.081500e+00	1.039900e+00	
9.995400e-01	9.603700e-01	9.223400e-01	8.854600e-01	8.496800e-01	
8.150000e-01	7.813700e-01	7.487800e-01	7.172100e-01	6.866300e-01	
6.570200e-01	6.283500e-01	6.006100e-01	5.737500e-01	5.477700e-01	
5.226300e-01	4.983100e-01	4.747600e-01	4.519700e-01	4.298900e-01	
4.084700e-01	3.876800e-01	3.674700e-01	3.477600e-01	3.284800e-01	
3.095600e-01	2.909000e-01	2.723600e-01	2.538100e-01	2.350800e-01	
2.159600e-01	1.961800e-01	1.754500e-01	1.534200e-01	1.297000e-01	
1.039600e-01	7.613000e-02	4.705800e-02	2.002700e-02	2.336100e-03	

7.163900e+00	6.970900e+00	6.782200e+00	6.597700e+00	6.417400e+00	
6.241300e+00	6.069200e+00	5.901100e+00	5.736900e+00	5.576400e+00	
5.419700e+00	5.266600e+00	5.117200e+00	4.971200e+00	4.828700e+00	
4.689600e+00	4.553800e+00	4.421200e+00	4.291900e+00	4.165600e+00	
4.042400e+00	3.922200e+00	3.804900e+00	3.690500e+00	3.578900e+00	
3.470100e+00	3.363900e+00	3.260400e+00	3.159500e+00	3.061100e+00	
2.965200e+00	2.871800e+00	2.780600e+00	2.691900e+00	2.605400e+00	
2.521200e+00	2.439000e+00	2.359100e+00	2.281200e+00	2.205500e+00	
2.131600e+00	2.059800e+00	1.989900e+00	1.921700e+00	1.855600e+00	
1.791100e+00	1.728400e+00	1.667400e+00	1.608100e+00	1.550500e+00	
1.494400e+00	1.439900e+00	1.387000e+00	1.335500e+00	1.285500e+00	
1.236900e+00	1.189800e+00	1.144000e+00	1.099600e+00	1.056500e+00	
1.014600e+00	9.739900e-01	9.346200e-01	8.964400e-01	8.594300e-01	
8.235800e-01	7.888400e-01	7.551900e-01	7.226100e-01	6.910600e-01	
6.605400e-01	6.310000e-01	6.024300e-01	5.747900e-01	5.480600e-01	
5.222100e-01	4.972000e-01	4.730000e-01	4.495900e-01	4.269100e-01	
4.049200e-01	3.835700e-01	3.628100e-01	3.425800e-01	3.227800e-01	
3.033600e-01	2.842000e-01	2.651700e-01	2.461600e-01	2.269700e-01	
2.074200e-01	1.872700e-01	1.662500e-01	1.440600e-01	1.204000e-01	
9.506800e-02	6.822400e-02	4.099500e-02	1.677600e-02	1.928600e-03	

7.501700e+00	7.296900e+00	7.096800e+00	6.901200e+00	6.710100e+00	
6.523500e+00	6.341300e+00	6.163200e+00	5.989400e+00	5.819600e+00	
5.653800e+00	5.492000e+00	5.334000e+00	5.179800e+00	5.029200e+00	
4.882300e+00	4.739000e+00	4.599000e+00	4.462600e+00	4.329400e+00	
4.199600e+00	4.072800e+00	3.949300e+00	3.828800e+00	3.711300e+00	
3.596800e+00	3.485200e+00	3.376300e+00	3.270300e+00	3.166900e+00	
3.066200e+00	2.968100e+00	2.872400e+00	2.779300e+00	2.688700e+00	
2.600400e+00	2.514300e+00	2.430700e+00	2.349100e+00	2.269800e+00	
2.192600e+00	2.117400e+00	2.044400e+00	1.973300e+00	1.904200e+00	
1.836900e+00	1.771500e+00	1.707900e+00	1.646200e+00	1.586100e+00	
1.527800e+00	1.471100e+00	1.416000e+00	1.362500e+00	1.310600e+00	
1.260100e+00	1.211200e+00	1.163700e+00	1.117700e+00	1.073000e+00	
1.029600e+00	9.876200e-01	9.468900e-01	9.074200e-01	8.691800e-01	
8.321600e-01	7.963000e-01	7.615900e-01	7.280000e-01	6.955000e-01	
6.640600e-01	6.336500e-01	6.042500e-01	5.758300e-01	5.483500e-01	
5.217800e-01	4.961000e-01	4.712500e-01	4.472100e-01	4.239300e-01	
4.013600e-01	3.794600e-01	3.581500e-01	3.373900e-01	3.170900e-01	
2.971600e-01	2.775000e-01	2.579900e-01	2.385000e-01	2.188600e-01	
1.988900e-01	1.783600e-01	1.570400e-01	1.346900e-01	1.110900e-01	
8.617300e-02	6.031800e-02	3.493200e-02	1.352600e-02	1.521000e-03	

7.839500e+00	7.622900e+00	7.411400e+00	7.204700e+00	7.002900e+00	
6.805800e+00	6.613400e+00	6.425400e+00	6.242000e+00	6.062800e+00	
5.888000e+00	5.717400e+00	5.550800e+00	5.388300e+00	5.229700e+00	
5.075000e+00	4.924100e+00	4.776800e+00	4.633200e+00	4.493200e+00	
4.356700e+00	4.223500e+00	4.093700e+00	3.967100e+00	3.843800e+00	
3.723600e+00	3.606400e+00	3.492300e+00	3.381000e+00	3.272700e+00	
3.167100e+00	3.064400e+00	2.964200e+00	2.866800e+00	2.771900e+00	
2.679600e+00	2.589600e+00	2.502200e+00	2.417000e+00	2.334200e+00	
2.253500e+00	2.175100e+00	2.099000e+00	2.024800e+00	1.952800e+00	
1.882700e+00	1.814700e+00	1.748500e+00	1.684200e+00	1.621800e+00	
1.561200e+00	1.502200e+00	1.445100e+00	1.389500e+00	1.335700e+00	
1.283300e+00	1.232600e+00	1.183400e+00	1.135800e+00	1.089500e+00	
1.044700e+00	1.001200e+00	9.591600e-01	9.184000e-01	8.789300e-01	
8.407300e-01	8.037600e-01	7.679900e-01	7.333900e-01	6.999300e-01	
6.675800e-01	6.363000e-01	6.060800e-01	5.768600e-01	5.486400e-01	
5.213600e-01	4.949900e-01	4.694900e-01	4.448300e-01	4.209500e-01	
3.978100e-01	3.753400e-01	3.535000e-01	3.322100e-01	3.113900e-01	
2.909500e-01	2.708000e-01	2.508000e-01	2.308400e-01	2.107400e-01	
1.903500e-01	1.694400e-01	1.478400e-01	1.253200e-01	1.017800e-01	
7.727800e-02	5.241200e-02	2.886900e-02	1.027500e-02	1.113500e-03	

8.177200e+00	7.948900e+00	7.726000e+00	7.508200e+00	7.295600e+00	
7.088000e+00	6.885400e+00	6.687600e+00	6.494500e+00	6.306000e+00	
6.122100e+00	5.942700e+00	5.767600e+00	5.596800e+00	5.430200e+00	
5.267700e+00	5.109200e+00	4.954700e+00	4.803900e+00	4.657000e+00	
4.513800e+00	4.374100e+00	4.238100e+00	4.105400e+00	3.976200e+00	
3.850300e+00	3.727700e+00	3.608200e+00	3.491800e+00	3.378500e+00	
3.268100e+00	3.160700e+00	3.056000e+00	2.954200e+00	2.855200e+00	
2.758800e+00	2.664900e+00	2.573700e+00	2.484800e+00	2.398500e+00	
2.314500e+00	2.232800e+00	2.153500e+00	2.076300e+00	2.001400e+00	
1.928600e+00	1.857800e+00	1.789000e+00	1.722200e+00	1.657400e+00	
1.594500e+00	1.533400e+00	1.474100e+00	1.416600e+00	1.360700e+00	
1.306500e+00	1.254000e+00	1.203200e+00	1.153900e+00	1.106100e+00	
1.059700e+00	1.014900e+00	9.714300e-01	9.293900e-01	8.886800e-01	
8.493100e-01	8.112300e-01	7.743900e-01	7.387800e-01	7.043600e-01	
6.710900e-01	6.389500e-01	6.079000e-01	5.779000e-01	5.489300e-01	
5.209300e-01	4.938900e-01	4.677400e-01	4.424500e-01	4.179700e-01	
3.942500e-01	3.712300e-01	3.488400e-01	3.270300e-01	3.056900e-01	
2.847500e-01	2.641000e-01	2.436200e-01	2.231800e-01	2.026300e-01	
1.818200e-01	1.605300e-01	1.386300e-01	1.159600e-01	9.246700e-02	
6.838400e-02	4.450600e-02	2.280600e-02	7.024200e-03	7.060000e-04	

8.515000e+00	8.275000e+00	8.040600e+00	7.811700e+00	7.588300e+00	
7.370300e+00	7.157500e+00	6.949700e+00	6.747100e+00	6.549200e+00	
6.356300e+00	6.168100e+00	5.984500e+00	5.805400e+00	5.630700e+00	
5.460400e+00	5.294400e+00	5.132500e+00	4.974600e+00	4.820800e+00	
4.671000e+00	4.524800e+00	4.382500e+00	4.243700e+00	4.108700e+00	
3.977100e+00	3.848900e+00	3.724100e+00	3.602600e+00	3.484300e+00	
3.369000e+00	3.257000e+00	3.147800e+00	3.041700e+00	2.938500e+00	
2.838000e+00	2.740100e+00	2.645200e+00	2.552700e+00	2.462900e+00	
2.375400e+00	2.290500e+00	2.208100e+00	2.127800e+00	2.050100e+00	
1.974400e+00	1.900900e+00	1.829500e+00	1.760300e+00	1.693100e+00	
1.627900e+00	1.564500e+00	1.503100e+00	1.443600e+00	1.385800e+00	
1.329700e+00	1.275400e+00	1.222900e+00	1.172000e+00	1.122600e+00	
1.074800e+00	1.028500e+00	9.837000e-01	9.403700e-01	8.984300e-01	
8.578900e-01	8.186900e-01	7.807900e-01	7.441700e-01	7.087900e-01	
6.746100e-01	6.416000e-01	6.097200e-01	5.789400e-01	5.492200e-01	
5.205100e-01	4.927800e-01	4.659800e-01	4.400700e-01	4.149900e-01	
3.906900e-01	3.671200e-01	3.441900e-01	3.218400e-01	2.999900e-01	
2.785500e-01	2.574000e-01	2.364300e-01	2.155300e-01	1.945200e-01	
1.732800e-01	1.516200e-01	1.294300e-01	1.065900e-01	8.315800e-02	
5.948900e-02	3.659900e-02	1.674300e-02	3.773500e-03	2.984800e-04	

8.852800e+00	8.601000e+00	8.355200e+00	8.115200e+00	7.881000e+00	
7.652500e+00	7.429500e+00	7.211900e+00	6.999700e+00	6.792400e+00	
6.590400e+00	6.393500e+00	6.201300e+00	6.013900e+00	5.831200e+00	
5.653100e+00	5.479500e+00	5.310300e+00	5.145300e+00	4.984600e+00	
4.828100e+00	4.675400e+00	4.526900e+00	4.382100e+00	4.241100e+00	
4.103800e+00	3.970200e+00	3.840000e+00	3.713300e+00	3.590100e+00	
3.470000e+00	3.353300e+00	3.239600e+00	3.129100e+00	3.021700e+00	
2.917200e+00	2.815400e+00	2.716700e+00	2.620500e+00	2.527200e+00	
2.436400e+00	2.348200e+00	2.262700e+00	2.179300e+00	2.098700e+00	
2.020200e+00	1.944000e+00	1.870000e+00	1.798300e+00	1.728700e+00	
1.661200e+00	1.595600e+00	1.532200e+00	1.470600e+00	1.410800e+00	
1.352900e+00	1.296800e+00	1.242600e+00	1.190000e+00	1.139100e+00	
1.089800e+00	1.042100e+00	9.959700e-01	9.513500e-01	9.081800e-01	
8.664700e-01	8.261500e-01	7.871900e-01	7.495700e-01	7.132200e-01	
6.781300e-01	6.442500e-01	6.115500e-01	5.799700e-01	5.495100e-01	
5.200900e-01	4.916800e-01	4.642200e-01	4.376900e-01	4.120100e-01	
3.871400e-01	3.630000e-01	3.395300e-01	3.166600e-01	2.942900e-01	
2.723400e-01	2.507000e-01	2.292500e-01	2.078700e-01	1.864000e-01	
1.647400e-01	1.427100e-01	1.202200e-01	9.722200e-02	7.384900e-02	
5.059400e-02	2.869300e-02	1.068000e-02	5.227800e-04	-1.090400e-04	

