<LesHouchesEvents version ="1.0">
<!--
POWHEG	W boson production from	proton-antiproton collisions at the Tevatron
File generated with DYPP.cxx
-->
<init>
	2212	-2212	900	900	0 	 0 	 7	 7 	1	 1
	2500	0	1.00000 	24
</init>
<event>
6	24	1	12.296	0.00729735	0.118
2	-1	0	0	501	0	0	0	45.1219533	45.1219533	0	0	9
-1	-1	0	0	0	502	0	0	-45.8618029	45.8618029	0	0	9
24	2	1	2	0	0	7.53061609	9.72009526	1.76776817	78.4347093	77.4447428	0	9
21	1	2	2	501	502	-7.53061609	-9.72009526	-2.50761775	12.5490469	0	0	9
-11	1	3	3	0	0	-2.80732837	-3.6235414	38.0989741	38.3737276	0	0	9
12	1	3	3	0	0	10.3379445	13.3436367	-36.3312059	40.0609817	0	0	9
</event>
</LesHouchesEvents>
