<LesHouchesEvents version ="1.0">
<!--
File generated with PWEPEM.cxx
-->
<init>
	11	-11	45.6	45.6	0 	 0 	 7	 7 	 1 	 1
	30590	0	1.00000 	11
</init>
<event>
6	11	1	0.4703	0.00729735	0.118
11	-1	0	0	0	0	0	0	45.6	45.6	0	0	9
-11	-1	0	0	0	0	0	0	-45.6	45.6	0	0	9
23	2	1	2	0	0	0	0	0	91.2	91.2	0	9
1	1	3	3	501	0	-8.50676464	-31.6832301	-31.5631885	45.5250767	0.325	0	9
-1	1	3	3	0	502	7.70385826	30.1657178	29.5740985	42.942437	0.325	0	9
21	1	3	3	502	501	0.802906387	1.51751228	1.98909003	2.73248629	0.75	0	9
</event>
<event>
6	11	1	11.3428971	0.007297352	0.118
11	-1	0	0	0	0	0	0	45.6	45.6	0	0	9
-11	-1	0	0	0	0	0	0	-45.6	45.6	0	0	9
23	2	1	2	0	0	0	0	0	91.2	91.2	0	9
1	1	3	3	501	0	-4.80976382	11.1316621	-36.1647822	38.1450498	0.325	0	9
-1	1	3	3	0	502	16.5879722	-13.8376823	34.6759197	40.855444	0.325	0	9
21	1	3	3	502	501	-11.7782084	2.70602023	1.48886249	12.1995061	0.75	0	9
</event>
<event>
6	11	1	18.7063235	0.007297352	0.118
11	-1	0	0	0	0	0	0	45.6	45.6	0	0	9
-11	-1	0	0	0	0	0	0	-45.6	45.6	0	0	9
23	2	1	2	0	0	0	0	0	91.2	91.2	0	9
4	1	3	3	501	0	-20.6040646	-24.8753285	-15.6780223	35.9398084	1.6	0	9
-4	1	3	3	0	502	29.3071207	20.3985465	-1.16907019	35.7621972	1.6	0	9
21	1	3	3	502	501	-8.70305609	4.47678203	16.8470925	19.4979944	0.75	0	9
</event>
<event>
6	11	1	9.07222722	0.007297352	0.118
11	-1	0	0	0	0	0	0	45.6	45.6	0	0	9
-11	-1	0	0	0	0	0	0	-45.6	45.6	0	0	9
23	2	1	2	0	0	0	0	0	91.2	91.2	0	9
2	1	3	3	501	0	-8.64512797	-31.2787263	12.6379145	34.8269933	0.325	0	9
-2	1	3	3	0	502	0.827497437	41.750488	-10.9767379	43.1784946	0.325	0	9
21	1	3	3	502	501	7.81763053	-10.4717617	-1.66117659	13.194512	0.75	0	9
</event>
<event>
6	11	1	7.16517956	0.007297352	0.118
11	-1	0	0	0	0	0	0	45.6	45.6	0	0	9
-11	-1	0	0	0	0	0	0	-45.6	45.6	0	0	9
23	2	1	2	0	0	0	0	0	91.2	91.2	0	9
3	1	3	3	501	0	0.842448761	-41.7287382	10.416099	43.0202561	0.5	0	9
-3	1	3	3	0	502	-1.35543005	40.066514	-2.64348254	40.179606	0.5	0	9
21	1	3	3	502	501	0.512981293	1.66222422	-7.77261651	8.00013791	0.75	0	9
</event>
<event>
7	11	1	1.06512013	0.007297352	0.118
11	-1	0	0	0	0	0	0	45.6	45.6	0	0	9
-11	-1	0	0	0	0	0	0	-45.6	45.6	0	0	9
23	2	1	2	0	0	0	0	0	91.2	91.2	0	9
1	1	3	3	501	0	5.50987962	22.1986281	37.1713339	43.6457507	0.325	0	9
-1	1	3	3	0	503	-4.79799056	-22.1710638	-38.8453949	44.9849655	0.325	0	9
21	1	3	3	502	501	-0.412189895	0.387365183	0.440435241	1.03751409	0.75	0	9
21	1	3	3	503	502	-0.299699165	-0.414929456	1.23362576	1.53176974	0.75	0	9
</event>
<event>
6	11	1	6.27459065	0.007297352	0.118
11	-1	0	0	0	0	0	0	45.6	45.6	0	0	9
-11	-1	0	0	0	0	0	0	-45.6	45.6	0	0	9
23	2	1	2	0	0	0	0	0	91.2	91.2	0	9
3	1	3	3	501	0	-25.963727	10.4617526	33.8000651	43.8891534	0.5	0	9
-3	1	3	3	0	502	17.7299301	-9.86686546	-33.3107002	39.0071558	0.5	0	9
21	1	3	3	502	501	8.23379698	-0.594887114	-0.489364887	8.30369083	0.75	0	9
</event>
<event>
6	11	1	2.64661924	0.007297352	0.118
11	-1	0	0	0	0	0	0	45.6	45.6	0	0	9
-11	-1	0	0	0	0	0	0	-45.6	45.6	0	0	9
23	2	1	2	0	0	0	0	0	91.2	91.2	0	9
4	1	3	3	501	0	9.40257615	9.40204967	-43.4083829	45.4274662	1.6	0	9
-4	1	3	3	0	502	-5.36758272	-8.39212974	26.8460284	28.6794008	1.6	0	9
21	1	3	3	502	501	-4.03499342	-1.00991993	16.5623545	17.093133	0.75	0	9
</event>
<event>
6	11	1	0.685790935	0.007297352	0.118
11	-1	0	0	0	0	0	0	45.6	45.6	0	0	9
-11	-1	0	0	0	0	0	0	-45.6	45.6	0	0	9
23	2	1	2	0	0	0	0	0	91.2	91.2	0	9
2	1	3	3	501	0	31.1037616	32.7981119	5.60247019	45.5483636	0.325	0	9
-2	1	3	3	0	502	-27.9839423	-28.6343135	-4.63285912	40.3062519	0.325	0	9
21	1	3	3	502	501	-3.11981938	-4.16379833	-0.969611075	5.34538447	0.75	0	9
</event>
<event>
6	11	1	24.1702472	0.007297352	0.118
11	-1	0	0	0	0	0	0	45.6	45.6	0	0	9
-11	-1	0	0	0	0	0	0	-45.6	45.6	0	0	9
23	2	1	2	0	0	0	0	0	91.2	91.2	0	9
1	1	3	3	501	0	-20.3899469	-6.31971322	12.0868174	24.5333546	0.325	0	9
-1	1	3	3	0	502	4.17859053	13.0914672	23.3562335	27.1010406	0.325	0	9
21	1	3	3	502	501	16.2113564	-6.77175395	-35.4430509	39.5656048	0.75	0	9
</event>
</LesHouchesEvents>
